bins	profileElos1	profileElos10	profileElos12	profileElos2	profileElos3	profileElos7
bin1	0.2812624752800062	0.6653327861228114	0.8165562364212959	0.9372283435726698	0.9700227667684233	0.9433317610912239
bin10	0.04221481686101748	0.1858237997988554	0.9999872260180465	0.14128594307685535	0.0007817220741935683	0.002345394329401304
bin100	0.9105860906683031	0.954848194732024	0.0013077439837008438	0.022370464468089005	0.9994821578014612	0.9988496524405603
bin101	0.47285659985904677	0.14318633545291132	0.9772114021681462	0.9955902615553954	0.0011363366407196535	0.0031125527584868907
bin102	0.0020460180983202167	0.9078917127166467	0.5215718757985288	0.9996056427701651	0.00031512889949707857	0.0016477351404054492
bin103	0.9980397408615687	0.9984999468895307	0.6514636889566309	0.998821404992994	0.03170135957718984	0.9389567579133329
bin104	0.7053628563080013	0.9234898049594324	0.30781701816140516	0.9068365264074015	0.017338219384244475	0.6250467362150421
bin105	0.5050318589090692	0.24135629731613523	0.016361321022286882	0.0173199015698077	0.9447123626805807	0.9964375894937367
bin106	0.011998401569368256	0.849364623823882	0.1698804809823083	0.9992182221092019	0.0006633487121735024	0.00259163730155847
bin107	0.9956968150270252	0.007860895280477141	0.9685782191543862	0.19086521031342638	0.9999535559331111	0.9999545037712109
bin108	0.8063196004013125	0.12828985186428213	0.09142783694716886	0.9100372749311806	0.999871644274335	0.9996042216358839
bin109	0.3977050660144124	0.9992246927400987	0.294583688784562	0.6327797378203985	0.002826462433015433	0.0036566821871013614
bin11	0.6515074565759196	0.9839423366626282	0.00998283012992447	0.08888160261497144	0.9999096785280809	0.9999250617471425
bin110	0.7788891673260278	0.7241949372772515	0.9942749683581917	0.9992978703236701	0.0150789034941149	0.11710051872337444
bin111	0.0030842957502773103	0.026875304010593275	0.9999934208708399	0.00541681634185506	0.00015614466540084222	0.0012465256715426785
bin112	0.9996709095624084	0.7154968925286601	0.07250641675305149	0.1702330041975196	0.012042600025456013	0.999793595294313
bin113	0.36778431013464274	0.47358292812838265	0.03980486463856752	0.01901861547094363	0.49730014696755276	0.9993123075162986
bin114	0.04915217861530887	0.16323240149300522	0.9093975573484546	0.9907497049860313	0.0018105775794782985	0.009043101903578266
bin114-removed	0.06269138275351281	0.15327772013889304	0.9478179517472578	0.9593395983136128	0.0018698987088223477	0.016490851409620564
bin115	0.43245438471734376	0.8756130939839859	0.21990923142715332	0.5205594824158036	0.004769016032365093	0.9625848791910144
bin116	0.05336354060834501	0.9949715310803133	0.10506508054880125	0.01107936101447028	0.00048000483865467383	0.003313706325833204
bin117	0.17848412264862823	0.998538067862331	0.06620132465514858	0.5193772777204706	0.9950256094927799	0.9741875295709468
bin118	0.9938807642115556	0.30982365237074194	0.2191807399594258	0.9982415281151475	0.034191653417818	0.06716839062097
bin119	0.1732594799544957	0.266809056585656	0.7391777215568024	0.9980228561826254	0.0064915666314137145	0.005281607961388015
bin12	0.9997720355781715	0.011039242634063388	0.1063440926426448	0.9882139773633949	0.9989165139261369	0.9976915326938975
bin12-removed	0.9982917039838126	0.004063422562775732	0.14178856934354994	0.9372574385510997	0.9916409592994327	0.9901980296546921
bin120	0.05700226205416985	0.992749877088069	0.0013020951787275936	0.28521342771809405	0.21305393925322547	0.1907925416684301
bin121	0.9061256368543374	0.9560538784521057	0.15291714329693984	0.6472043396104246	0.8257967839048667	0.8832611401035664
bin122	0.3251217721025733	0.8553532265235876	0.387960173653263	0.9687853763569784	0.03308454356069122	0.01859178993750281
bin123	0.5112802376179704	0.9940180558086521	0.01616590312123136	0.24699437409973407	0.550393128207152	0.9979977969963473
bin124	0.02530691126108986	0.9725552240001603	0.6328880700138185	0.7683030260549136	0.001275959786113392	0.001348807401918571
bin125	0.6293832745911762	0.671369810466087	0.99818682375453	0.9878328914952557	0.00720019246052542	0.0313217977981884
bin126	0.41509729234251597	0.9259163576875393	0.016030120948921	0.2602410627223846	0.8069110868119544	0.7934745569009656
bin127	0.016905688776067948	0.9982699041571781	0.05578480300381922	0.1803315662229137	0.0007416340343855829	0.0022801362903569163
bin127-removed	0.02219173491401881	0.9851845645784024	0.033586075445615066	0.07021971807385376	0.000603927975479826	0.006967862653512906
bin128	0.4813725268781259	0.29192660054010044	0.48555688552057175	0.9901252892636643	0.018789476426339033	0.026844025812302906
bin129	0.7307408408190703	0.3017432535500457	0.10556551789836573	0.17291108843704522	0.999983523689639	0.9997231979859358
bin13	0.3424627719774328	0.14987928629214628	0.9996533594932785	0.7830709907017532	0.0005695945845516181	0.008147379015562195
bin130	0.7576241251357511	0.9949810567462414	0.4143737673631906	0.9797621884603064	0.025046204735175787	0.019619414515801133
bin131	0.9994974763687446	0.10496625504869013	0.006014375765308412	0.9992188857517419	0.002560341585543635	0.044536156820004356
bin132	0.8776789060806692	0.30572190509035563	0.28078683828909257	0.9107663973540545	0.005549109136870441	0.0016537159512339404
bin133	0.6797656913805135	0.8118909840005285	0.9912314604386852	0.9988982377118576	0.06470594488455035	0.08237324608327683
bin134	0.2253366516914624	0.37262920832764623	0.014781601117477429	0.9998228531103799	0.0361804371752912	0.01462768660682393
bin135	0.6309276113724284	0.999716929666743	0.8703170426615766	0.9997682556062896	0.02381951311125014	0.1185217040678529
bin136	0.0009785544082605243	0.9931134887632574	0.17136513572863618	0.24974667102742606	0.00012858010559267392	0.0003674251273186002
bin137	0.771119199306823	0.662031693362169	0.005272040740059297	0.31425335463116405	0.8013431894159373	0.8930770802787732
bin138	0.0203914751805147	0.5632351088231059	0.9997036421797536	0.5398739482833104	0.0007000730287383514	0.007095873361996256
bin139	0.2629356110300893	0.22388393265763154	0.0011204913381214188	0.03963518815711592	0.9983417643505269	0.9990015499240293
bin14	0.1516495700674305	0.015615439233589795	0.0007115702238532448	0.006815125161215129	0.9344626954709475	0.9976275880683169
bin140	0.9987415447538147	0.1844697047417773	0.35596132670224223	0.7157019649684361	0.7368150244404424	0.775018768976132
bin141	0.7936226983330251	0.05671611232927377	0.004009754841095818	0.9985024304546535	0.04391990066837503	0.01562541278102132
bin142	0.39115949255286375	0.01941966981419725	0.0009677351211721553	0.01087745436240086	0.9997748062835823	0.9713740922002861
bin143	0.23970759247332615	0.23550779516695955	0.011158206526669318	0.005077602763989165	0.9609611569545713	0.9997773161277717
bin144	0.9977015595762503	0.9991801537974966	0.48662748357801117	0.99899285152444	0.9982299707334502	0.9997878608075235
bin145	0.1509129782648641	0.9931927246621646	0.5702385751300134	0.7304729197499299	0.001861139559827532	0.005173187397353154
bin146	0.9995299845465759	0.9663560473938536	0.998997853621244	0.9995790230770295	0.1616483484703122	0.38017233899958885
bin147	0.03492034430143585	0.012703026075251563	0.9999941186142535	0.006594056271564549	0.006257794434316812	0.033133681596607005
bin148	0.9949106057923853	0.005806141475462024	0.010120155707424291	0.6570851049995283	0.940758038224767	0.24008064252427339
bin149	0.005766325961353382	0.027275863643926517	1.0	0.0024280555002756743	0.0002976957533089087	0.00044858264197232816
bin15	0.9736679342643842	0.9919079546298284	0.8620135089316444	0.993881222789839	0.055888843006492585	0.09154738970820868
bin150	0.9984832487953484	0.036150705057364084	0.00798511082325004	0.999270984661024	0.038530060799233344	0.2307405480504198
bin151	0.9994123032549623	0.9417711269665899	0.5443569065983802	0.9994316636894621	0.9926309883975067	0.9895359002688089
bin152	0.18884664506406706	0.011649665487279501	0.9935772227667411	0.22392088291112702	0.0010972475342409579	0.06854545985200827
bin153	0.9929522704260823	0.985507305185271	0.08150656538723323	0.9517215574457234	0.06633493929021675	0.9087489874227926
bin154	0.5132720684834192	0.9567791159660862	0.9996821061441097	0.9979230738153662	0.22062629807886538	0.02377067526493858
bin155	0.3399869867772423	0.07093860626178634	0.8274305134341307	0.9993162543974767	0.017653318923210957	0.009125798162709397
bin156	0.8671567133622622	0.9947934905053748	0.33899426245670927	0.9999240366093847	0.0525867220607803	0.5983904280448319
bin156-removed	0.8832373980529441	0.9924071908428636	0.32454373788152624	0.9995382956426652	0.055177720739739484	0.6744700778113594
bin157	0.01305599378871634	0.7687534055933409	0.9879556364398765	0.989145070590009	0.0015142967317787097	0.005306335783446677
bin158	0.9980290025701807	0.9964672476411919	0.9667710676063899	0.9949214419327845	0.9423654977760806	0.9984275518435758
bin159	0.02671787367524037	0.8275285227793426	0.9731555226514537	0.08115681053856688	0.002040118583298469	0.02378124684695801
bin16	0.2696951215429823	0.999697445695647	0.9440252219980253	0.9997427172564669	0.002287170262833292	0.02904298152123284
bin160	0.055446158425015005	0.055699113593958786	0.00031592485993616647	0.0030129920734883204	0.9993481022374826	0.7618168747200507
bin161	0.998924930429999	0.021841039099104082	0.027868031805551485	0.370876716139126	0.9954112481578342	0.7486128300989766
bin162	0.06937171783114615	0.9461729611872499	0.8236600749759733	0.5206799179380123	0.0020476096521336693	0.004210692850369015
bin163	0.7381840327203443	0.12079447644640742	0.009031500869891696	0.8022522582447551	0.009058477120444155	0.8395064602577008
bin164	0.9214768511251654	0.18560037343329336	0.01341131089775735	0.4556572198532589	0.7613005888210864	0.9865521511002971
bin165	0.16954017083213294	0.8240073857425855	0.10522356721905932	0.988701147682669	0.03368291015628787	0.3963745185676902
bin166	0.08937330678749031	0.062462838236786986	0.01986725697329049	0.0030668597524551797	0.5815404185320923	0.9955481847795086
bin167	0.1460434844792559	0.7056865126105873	0.6889301943399383	0.9710342763456162	0.0010083389520895423	0.002840025865605978
bin168	0.6504208932093547	0.11069689525218371	0.8271685245843899	0.9982565511411665	0.01578019336432798	0.01791217596506058
bin169	0.7221275683161767	0.9819556409938401	0.03198819711439084	0.058426867584439206	0.003619930546942825	0.9476820558931746
bin17	0.036228727403050776	0.9640395620325801	0.07691942588474174	0.8382661181816975	0.0011853807598262514	0.015266754916594969
bin170	0.9999985123143182	0.1656116495706787	0.050196498483800346	0.9999201608684117	0.014890741884054736	0.457336893861065
bin171	0.9975924535613994	0.6845792460968083	0.2850866413717179	0.8560615667531154	0.4276608232417261	0.19049916936655267
bin172	0.991511429324211	0.6331052573414122	0.22249947127583244	0.883073141204975	0.007918053457332474	0.040648089608789
bin173	0.9937100345630756	0.9975487956543648	0.9967647385500579	0.9997857931916705	0.2299623619761303	0.6609434510440325
bin174	0.19922716069365054	0.9917392407808991	0.9801521565233572	0.9951778747084236	0.010499229527988862	0.014959103598894309
bin175	0.9969823641595107	0.5205128468784194	0.1839100552174736	0.9993854644189343	0.6356281841985724	0.5178024788284629
bin176	0.024223438864680105	0.1152704688690778	0.9979601504827162	0.04384538193607556	0.0031506550825859004	0.0064545247259031255
bin177	0.3122425851340893	0.9488030005507262	0.004715229376262366	0.006646022706074794	0.22424242631683972	0.986882516650996
bin178	0.4181669015661797	0.9157244540178379	0.0012957009506052455	0.007361358289736874	0.007448028288590594	0.9196600175141739
bin179	0.9222648118763463	0.3331386446816018	0.0009316033372295248	0.012555362317999365	0.04421536482839465	0.8591844794690539
bin18	0.03405665981390791	0.0025118091791510844	0.00033905317738190725	0.0021848790104183574	0.993695253372836	0.9976461809980834
bin180	0.4093162788038241	0.9761307511272697	0.01463951377736392	0.01830128486726279	0.30216305480165173	0.4295428822680827
bin181	0.9971607924638612	0.3896741327906209	0.4829332259405215	0.4180051650892508	0.9969782676623469	0.9970026445949994
bin182	0.922879242324597	0.017540507701259502	0.4368902528084787	0.5854555976538969	0.6608666749301877	0.9216562938423872
bin183	0.05762403284791818	0.9916403349873549	0.9887149945806942	0.9994684991902331	0.003216956628032037	0.038287249070290776
bin184	0.9889601169610355	0.24071232051368477	0.3536059474855063	0.9901809188351085	0.7913819182283942	0.4540145316502629
bin185	0.9996528183428082	0.7360116924093725	0.16037680430505255	0.6188724252618878	0.9995694331412394	0.9978539861316549
bin186	0.24618124150264248	0.9934197987001838	0.002591195859391191	0.9988181821901171	0.002885909647721795	0.0029532042753109273
bin187	0.988998172019376	0.6585490786365547	0.01733576693107929	0.8191904577742041	0.987642071933959	0.9993820479504081
bin188	0.001860100753074913	0.4483663363505887	0.4616875282331616	0.9956433729979473	0.0003402274663632257	0.000743640033622479
bin189	0.5184551659924714	0.5661478952020755	0.04933697637223092	0.8137140829917847	0.9981688091555586	0.9938697638871625
bin19	0.5352720097880218	0.061983630976967366	0.0011611101787253135	0.06139274959412232	0.5927333764066586	0.9999886954260825
bin190	0.0006504694289660624	0.002437201911062715	0.9988863798700296	0.000679287694806331	0.0005578392887651991	0.0010961233257102158
bin191	1.0	0.015158446984964677	0.9981674038956275	0.8335331390142084	0.9999585268208345	1.0
bin192	0.6463923973991321	0.3907587781998805	0.5827456675650389	0.9972308931943041	0.016626520940145734	0.006713093565005126
bin193	0.9993122429995455	0.006052834184275713	0.04337802102162416	0.750202825551527	0.1629799103603556	0.6879750214056933
bin194	0.2776914604569573	0.06114500346569013	0.0012759519638375534	0.06416870915313763	0.9999626136670672	0.9997873795666947
bin195	0.0027081874470202337	0.9944585467880441	0.03322430250985885	0.5580351877787196	0.00023172889101831718	0.0007619872480005897
bin196	0.04295010824303917	0.8465892634600338	0.9960031417095428	0.5926335757587571	0.00021341234088098315	0.0022868106925080524
bin197	0.9985328830453092	0.4468243372547747	0.12356142727975757	0.3765879883768052	0.9979622600299948	0.9995260217876463
bin198	0.051542535499721945	0.6190834487613854	0.8038255901753125	0.9751205984108566	0.00977753253346695	0.07985841562521659
bin199	0.029241963843682044	0.9975082878247549	0.8941856947501613	0.5955484548858809	0.0009738205955839667	0.010934402510360612
bin2	0.5170712811273279	0.08253148884562471	0.0020208467012125765	0.009290690340681473	0.999900019105938	0.9998995625721752
bin20	0.9341625812127154	0.3000934079864134	0.9310102907621395	0.9994990546183193	0.06955223424694774	0.069212813205409
bin200	0.05846793671174049	0.9974137608646196	0.008423683546236767	0.017742948320405384	0.010198484796544513	0.3973225276660195
bin201	0.99703944601638	0.7465565428243038	0.989102197655642	0.9824610395478669	0.9974643799543885	0.9974940168007526
bin202	0.0046450880125824354	0.4697129336592457	0.05006892092130121	0.9906684861855506	0.00022440514183044716	0.004439383299237859
bin203	0.012887499225398582	0.10196712949685317	0.7698146156933781	0.9759999676146542	0.0004733242841203751	0.0005929009453718383
bin204	0.9937373500196578	0.857026551243077	0.009024012529778538	0.6457516059696871	0.003984973734746047	0.03881998456170567
bin205	0.8987592368684197	0.99305573351743	0.21929381104254078	0.46767008689975403	0.0011881381874602498	0.10330900368012214
bin206	0.19303622666973208	0.004708601184166918	0.06572783269984683	0.10009808341718446	0.8460978624682386	0.9969417978675441
bin207	0.9821798223112566	0.979235444371154	0.9949076675434382	0.99487156518647	0.057846019375836395	0.7793806681379056
bin208	0.36208499279360723	0.8443540520132963	0.02145746916208381	0.026907037204929866	0.8173000660613341	0.9184746064036853
bin209	0.27087691229016697	0.9669774701395728	0.9585959698258237	0.9927452058787165	0.010559721435750034	0.014097199047939081
bin21	0.11934434385401164	0.0072096278305435035	0.9998730669329138	0.008304319046690071	0.0005077322683450228	0.0
bin210	0.012819965870307167	0.7445193168466402	0.0017879622894869357	0.0014942231298606837	0.9095335841772506	0.8593458009287752
bin211	0.09189563533174182	0.7871931444529525	0.7549986487095176	0.9953684518715373	0.0024514661501734156	0.0032419710823836764
bin212	0.9084643508820116	0.9446706710177213	0.02923003668528885	0.2502555250251304	0.04850078852546301	0.9881284986947961
bin213	0.2434315430500142	0.730463036490878	0.7490654533898444	0.904572386116438	0.03204177922355592	0.016161524958906326
bin214	0.4112397625588799	0.856622851890129	0.44564795147310093	0.9996050438061209	0.026567750177873106	0.02996655466287204
bin215	0.0071589998895020945	0.0028982336277561943	0.00033973982965730806	0.0018452050780659458	0.9948170435048397	0.6543919619095577
bin216	0.9766198020551794	0.13847464183776959	0.11083968434442931	0.24615997077187426	0.19744540450149978	0.9972365810051979
bin217	0.04560705915346247	0.9992649925343582	0.16210843902596872	0.21620930300644248	0.0025636659768588214	0.015559584142945854
bin218	0.11907753461684671	0.9999524816951225	0.21323036747065308	0.9763733902578258	0.0076862050069990175	0.015238437000581027
bin219	0.668607885247879	0.8372429985616381	0.915027732122637	0.9996005800253108	0.02526404473143676	0.554294113517182
bin22	0.0449021275512693	0.9955122793919585	0.015981821112621718	0.021281080255620057	0.8106877583614186	0.7489437538310133
bin220	0.05192103895523751	0.9960055216732856	0.06107796006532092	0.9898835798024179	0.0007800167862484118	0.005868805351178394
bin221	0.9984473975052347	0.9997650897714342	0.9956055908634399	0.9998853469957995	0.8085647428702061	0.9897844406766442
bin222	0.5137213696632247	0.9743365819658591	0.9780012650731043	0.999071097914241	0.036963341082241835	0.22386250186336404
bin223	0.5011504234307712	0.9915951498375751	0.9996586105961385	0.9962490329752735	0.03551058022660801	0.03346969943409801
bin224	0.4558740054108876	0.6212954385876812	0.012751544846968011	0.08274389571352606	0.9998674628461054	0.9997107138981974
bin225	0.30901090787844143	0.9998358744320324	0.867383434604504	0.85372917106751	0.00011053882889935427	0.0032064026574880606
bin226	0.9921029324874049	0.5280986894072915	0.026872504765276285	0.16558846910223832	0.9991624704099334	0.9997591220553238
bin226-removed	0.9866108194683737	0.8135973443949859	0.3092041774243259	0.49298457465352336	0.9887884560001212	0.99984842437134
bin227	0.38560268965768957	0.029828976469191325	0.018489317555264898	0.10138400758810943	0.9958559700689186	0.9985936309593386
bin228	0.7672078440609256	0.8056326061236744	0.010984628559884472	0.11682249552472201	0.9973274712699417	0.9961776885228989
bin229	0.9958705697233471	0.9979164713013271	0.34560276405319346	0.9835725449912162	0.05231281043593066	0.9978238656934044
bin23	0.9880573407812281	0.999351357893913	0.027359683082249002	0.9899463886264895	0.00882913160677591	0.933741811775027
bin230	0.07959079810443968	0.025956471034132914	0.9998309992978489	0.04160444972793364	0.00022515077257267236	0.002255085916488881
bin231	0.999119460600507	0.08461448870253901	0.25238556839883225	0.9990032185233223	0.9911816902187164	0.9812113829317657
bin232	0.13903235188703622	0.9990998132507314	0.6173100823109355	0.9893429645711589	0.007219918869133816	0.02537500104188281
bin233	0.3870244153945318	0.998506521456574	0.9993710358785105	0.9994281389816492	0.0040946576893063314	0.10631137027361848
bin234	0.9943364300406354	0.9975698633814424	0.6310475964087293	0.998359475002006	0.08696338466683713	0.45978211068510244
bin235	0.9913184436999307	0.982756708126713	0.017710570477817936	0.9946660880889083	0.030855282126682298	0.0405125214882579
bin236	0.006219870331008639	0.9997317870018093	0.027366175615186308	0.015575706662203719	0.0013879477507995964	0.0058682496321611375
bin237	0.9774178646855837	0.7931683640362639	0.30165882172902864	0.5768224910567141	0.9958464624541579	0.9999455694222122
bin238	0.7926684099754451	0.9992429958353827	0.040384186648897966	0.16817249313896576	0.002412657634938885	0.08954005352497849
bin239	0.9865153203380057	0.030521054124199778	0.005920947405347501	0.9468697371409831	0.004602082496092128	0.007026441813360287
bin24	0.4099310626862184	0.8319458238398473	0.00021946992268894472	0.005204377714163307	0.9995928024770696	0.9789680824131954
bin240	0.7231917411812702	0.05937428092783406	0.012620712889345766	0.05410034876560639	0.9995136719267695	0.9994821720041749
bin241	0.998693367050924	0.38315198936583406	0.11762570778071052	0.9998250022447023	0.11127059307705828	0.9773352471169247
bin242	0.3422500857693731	0.7251295930921069	0.0015230841952372802	0.03322852320349204	0.9999978838705172	0.9999984129028879
bin243	0.008352802324057523	0.8189797006227131	0.18969170265499513	0.9967459658931722	0.0003689468220803912	0.0022947723694187665
bin243-removed_1	0.17615929268471642	0.7413419913419913	0.303360481326583	0.9195282119010932	0.010107124513904175	0.1571556974099347
bin243-removed_2	0.1089115422558369	0.19294091855749204	0.13515291022689904	0.9806861777923929	0.01900690562315028	0.026044064452482737
bin244	0.06765575382022525	0.9859105879460851	0.9964869900979628	0.9982338058963753	0.002625760356250763	0.20345365692150152
bin245	0.5076586460176855	0.7145166622332452	0.024838128860344148	0.03997644392439299	0.9982422124259837	0.9978707275782909
bin246	0.0358179076346181	0.019072322623359554	0.9978120531384437	0.018182137987688023	0.0005991363092818582	0.004186258836229938
bin247	0.7998562418908705	0.9945989660733557	0.9725030617647891	0.9910599162780797	0.8966127248157215	0.9960752823627528
bin248	0.9845064725842003	0.8395879865030511	0.02954356051285277	0.9942615478730703	0.08210057267190506	0.08897061483601885
bin249	0.13213107785415448	0.9942235087837134	0.011424836901670841	0.9975795960499361	0.008496269639407314	0.0013417720847775482
bin25	0.5915156778971742	0.9454836855850834	0.17728044833039056	0.7290760322321258	0.0014073889799507025	0.012781206922007652
bin250	0.9990128331688055	0.6242296341782548	0.2889971058652219	0.9963513692081678	0.9952784406391452	0.6451093786030941
bin251	0.9964609399794397	0.5145599251798243	0.05165285715722136	0.36377472544669126	0.9993547836152992	0.9992984192340194
bin252	0.9987332963184511	0.5022990215398692	0.04258546088361039	0.999872202002455	0.18057078451861502	0.9529391928536219
bin252-removed	0.9722609591948099	0.7048747953677318	0.23579700478991086	0.9992875765476262	0.2345692111805008	0.2457103013399624
bin253	0.8678161868571593	0.5181564836067845	0.9894520182562622	0.9960539179397415	0.02118468666026106	0.07621152611973822
bin254	0.7709831262284624	0.2684216280644143	0.10187909904378219	0.12057466781790911	0.9420883238538053	0.9988058869553461
bin255	0.4963186694861086	0.9785368837530041	0.9966293846636716	0.9971276744415145	0.02389328122100469	0.3283554948189318
bin256	0.34059756346207387	0.0105764085749741	0.00647764919939516	0.06982923949008857	0.9996287027521018	0.9996056745604203
bin257	0.3637085804896899	0.9938222442258432	0.9968822509020973	0.9999548994103098	0.04103060314180275	0.05420441705608634
bin258	0.976310526319473	0.9831132743870703	0.2693006397056062	0.16795415750321416	0.9967705609910923	0.9995383182981559
bin259	0.1586973890679091	0.015339614582721728	0.0029616044816069683	0.0071616719451726134	0.9963885118527498	0.9276447502178751
bin26	0.6223518195320585	0.9185847777099568	0.018978732129938006	0.19195310896889448	0.9997412970460866	0.9969843536048572
bin260	0.17857368976635798	0.9994825563748786	0.3584266951027232	0.9283084447490312	0.0020235364902318844	0.008473259273215222
bin261	0.12067614738061906	0.9609308820090122	0.9931289738634764	0.5263742143202936	0.0006459659318440472	0.00631053430039089
bin262	0.07703172237130113	0.9949835071697065	0.6712852838001175	0.6918889983839186	0.002618239355229533	0.01992623954914301
bin263	0.018678677077607717	0.023862144313651815	0.004374423207038683	0.01333822483384343	0.9838720119427085	0.8615057951163699
bin264	0.9887101074860392	0.9978837706155012	0.5125069023192015	0.9860657103011846	0.15607747676784434	0.9891237462686335
bin265	0.7880678332289346	0.5034686568739986	0.1079658078500572	0.21338098122818006	0.9825324671562357	0.988125579799387
bin266	0.2974502503252357	0.9943598719681285	0.9965062667242606	0.9994056606505188	0.00910930882736169	0.009634393249795072
bin267	0.8747131330296775	0.5097364059940278	0.993940934152662	0.9962174629272376	0.02113023260693025	0.21336133570605345
bin268-removed_1	0.8069560940957897	0.9963201629932047	0.043139336552084837	0.9059018684110894	0.06458527674887883	0.15336427185830206
bin268-removed_2	0.21775915742922813	0.993773820953711	0.08525210206278548	0.6498676209595299	0.00976404527072241	0.027249716330627564
bin268_1	0.894341337138771	0.9988469711329035	0.034030745354706654	0.9646378458891437	0.07459792314285849	0.08978519470340537
bin269	0.00212604701833923	0.9993860912594312	0.007475761598197591	0.24208891933523685	0.00014657933412457432	0.0002756984828607802
bin269-removed	0.003963969782528442	0.9980939771291935	0.01818317929312019	0.2347505326515589	0.0003625626870151917	0.0009181496385749085
bin27	0.9216663933197293	0.6644083282359409	0.02214250971906739	0.6950243583796557	0.3418373559913308	0.9960782340051567
bin270	0.9983430965921238	0.08166288963954334	0.24220036772565956	0.9826181211784325	0.9855282849446274	0.9899730619574978
bin271	0.9992048395096369	0.9786471867254806	0.010486561481700834	0.7909026860559027	0.008711456313604895	0.31960626138276477
bin272	0.21351175749506304	0.042796833941985475	0.009913615137674874	0.023455458505500272	0.9281478944690004	0.9956557920106005
bin273	0.9868493597791742	0.9949811087183006	0.08924028691486278	0.47178164103724657	0.8248304157524573	0.9990309793577641
bin274	0.9990941144220135	0.0089958376527008	0.31020961929699076	0.5963027264792717	0.9967640191701143	0.954756135602406
bin275	0.01410489946639475	0.15212926479954328	0.9995332604039824	0.39801193269379903	0.0002462603082832563	0.002802500057749486
bin276	0.005526817739626419	0.9992778178203409	0.007090129752064946	0.09863120516157292	0.0009293965436266479	0.0070816334911277794
bin276-removed_1	0.0747873273628593	0.9969807625614557	0.1981068565250209	0.30085273057385914	0.0022542279524266104	0.04005589669311899
bin276-removed_2	0.008929409189003222	0.9926344102836768	0.08164701466862666	0.06578988521565071	0.0	0.028477152597504145
bin277	0.004103702369904567	0.05883208443564137	0.9999463274097262	0.7341797443107054	0.00020083937005692758	0.0010838400487554886
bin278	0.9042862321871775	0.6331179341309016	0.014219916896734432	0.06433375163836136	0.998425834518531	0.9996733874341169
bin279	0.9137957082060747	0.9987301374143277	0.9931264859115049	0.6982762911177647	0.07891053329222182	0.6333713526421947
bin28	0.9966441183122615	0.00025119945504915376	0.16811322390810926	0.36291706037637006	0.9640641747561532	0.6341159254196863
bin280	0.4501177290716537	0.8741041633882441	0.04221578711799331	0.9986133804739852	0.05079924876939662	0.13049641322193314
bin281	0.9941048863293676	0.9849238537243727	0.9095968373294602	0.9957393867440726	0.07029388017160033	0.9921254680499473
bin282	0.8986295616198501	0.9998485311856438	0.026907109190114364	0.617323884689443	0.004800800133355559	0.2384520779710004
bin283	0.9185118182621534	0.93878866894679	0.07436554820830013	0.9956566472962569	0.21515987460121055	0.4102142859646595
bin284	0.9978664073990714	0.9954833177179566	0.9795931452858138	0.9994658930512446	0.21353918587183526	0.49747624107350047
bin285	0.2136113909867315	0.005662252208464076	0.041000866483665216	0.05930751465884387	0.9982227611508419	0.9999666087697752
bin286	0.04931202190631237	0.9898874031892212	0.9824712036891974	0.9996430687909977	0.0054830491734045375	0.01050120225874788
bin287	0.9715169969047611	0.9982653190366826	0.9897078836840165	0.9902408571185025	0.03916816561828304	0.5297033733746264
bin288	0.9673133060064962	0.9867499254052227	0.2347755746634159	0.5892227280926767	0.9995765399141621	0.9996397894782223
bin289	0.004235923893015768	0.006498241958588358	0.9997032525844178	0.0025125168669457736	0.0006655343531543613	0.00100633670718428
bin29	0.11299125164108416	0.14593440571281335	0.33704003631857277	0.9999374240806861	0.0015889375590483553	0.0025361652004269888
bin3	0.5205446046205912	0.1996286519174486	0.008538136925777831	0.0198444648868981	0.5198159590663773	0.9687859426212776
bin30	0.8822622245853048	0.2714771855226799	0.011235932940176966	0.2415136315065726	0.07436427432436656	0.9993723506048046
bin31	0.00607832902915925	0.8649467128991613	0.9983508761703689	0.9894216863000845	0.0004875078018280786	0.0012944694737981588
bin32	0.9215426576322497	0.021070439178334534	0.022236928536238817	0.9096385757227414	0.052426869060453955	0.20368537452608582
bin33	0.009539968554526225	0.9800048153911536	0.3985220950506505	0.9996781121081233	0.003286746847777083	0.005036769874395854
bin34	0.7324978827006977	0.9996551905790404	0.5744042367352442	0.9997122904297335	0.018504403872032973	0.0176983750119265
bin35	0.9391370036748028	0.9101047103237443	0.08387121267205329	0.3302914811623727	0.058152097327258206	0.9261378150784668
bin36	0.41715032168593524	0.9461101063916451	0.5710792220500303	0.9897926891564094	0.8583067617779797	0.9948198645018397
bin37	0.6148668313733572	0.43844912649323037	0.9551185159307226	0.4038941487236069	0.027904714749961673	0.9958085247022336
bin38	0.1621952273737108	0.9864460515498282	0.007009988299491745	0.9999686942922935	0.04036835434076761	0.016861681066699302
bin39	0.9651366149623989	0.9738810487939408	0.007592709683302018	0.7747217102617799	0.007274322605333059	0.18830801931847227
bin4	0.007158411712922207	0.9720479324614646	0.001528574714829979	0.0008295190090316371	0.07345531042544043	0.6783994225474728
bin40	0.07329931538939678	0.914270301414082	0.8731407779162527	0.8889814589554073	0.00013626258484523618	0.003767442699716462
bin41	0.4965870187696465	0.9580600338331915	0.0012347530475481253	0.011596214013544331	0.3976700714800787	0.992190583082741
bin42	0.6654887980216792	0.10055623987621616	0.07591248235816932	0.25989648993066755	0.9949448702527084	0.6761162396609597
bin43	0.9969123288525715	0.736038536743399	0.2536723168604153	0.9989463311672712	0.19015406886161337	0.22682230619728672
bin44	0.0010428479619939853	0.006239385105942409	0.9974575216482148	0.002285789694473442	0.0002910211005050088	0.0007754304161843137
bin45	0.5018281741251506	0.862510809095135	0.9784324187880817	0.9336109125625428	0.018870930656843095	0.05372182762429835
bin46	0.007371973662425655	0.7179627860772552	0.9850138183114915	0.9888246156981113	0.00013856518804365823	0.0029921420293177446
bin47	0.5229597188073215	0.03854752078210982	0.004155202357257152	0.06795835284705147	0.9813040286071107	0.9999829254966242
bin48	0.7342928753112274	0.04816431203077554	0.41958093200901286	0.9832489036546072	0.014041214914478054	0.05537075436786623
bin49	0.5896897998736146	0.3775118501450533	0.001979877408542737	0.006806206177420505	0.8460405472513584	0.9956342651943448
bin5	0.9666034756735796	0.7779104394392897	0.1283586477465399	0.9937600583925327	0.008263658505059926	0.5355662225556364
bin50	0.7736200558849767	0.12298342425668751	0.5626354488938834	0.29827413129360797	0.8885199095565173	0.48288585642892595
bin51	0.8802450890148028	0.9763476657052659	0.015961128043583503	0.13071215251498353	0.004189082305452711	0.013858489987113138
bin52	0.14593367665604504	0.00228362478947407	0.0006527723987293158	0.0019164672803407936	0.999994103620104	0.9428056902654651
bin53	0.5662928679486899	0.04446545222181304	0.9981638332899205	0.6064675155034831	0.009002798518235279	0.14530064503214896
bin54	0.9993471627153185	0.9696518156279823	0.02678248134702542	0.497342211920405	0.002495588300617436	0.01209296941356367
bin55	0.799612111768869	0.9951879315237868	0.14621022175515808	0.8638977156141348	0.9463116203373735	0.9896207353866089
bin56	0.003548829149367907	0.9985572322561456	0.05160224950594193	0.002549810690829087	0.008905778511182865	0.00912249327843004
bin57	0.9892710325425457	0.7781191136367763	0.03437547683448174	0.2370379437022237	0.11670101643718472	0.844116897233458
bin58	0.6237861821442754	0.9990695800345717	0.6329799958853053	0.998609069142592	0.9956599197976281	0.9981119907808966
bin59	0.9521440584821321	0.6089583091621004	0.11888438282981888	0.9659866837540678	0.9995677962123715	0.9992474812468135
bin6	0.6841675283495723	0.7496371107383292	0.18226282024516824	0.47326378058155616	0.06453779820164117	0.9836104227199379
bin60	0.23322570948375845	0.9593532346179637	0.043064225029177707	0.03798979906022838	0.13061730167983263	0.9463278685731463
bin61	0.20362951686563577	0.6621026923887272	0.8803559187743147	0.9986379296530726	0.005635232219640521	0.008418722383949528
bin62	0.9990724643256598	0.9940984517310888	0.5867781897015536	0.9988365494880874	0.054837753389224975	0.9952882092932342
bin63	0.6246300295863417	0.8919682157835412	0.04214437604039844	0.21918395218309714	0.011320777086774276	0.9678366741349996
bin64	0.9999222744505015	0.2385902065807632	0.028105717322222633	0.9532853585157064	0.7678734395406261	0.9996594880688637
bin65	0.9995296075841731	0.9815755432127802	0.04549780182005681	0.998842563276826	0.14048540878910137	0.121904908363939
bin66	0.8955745729133607	0.07630670545946679	0.04162694878595406	0.9984604049196578	0.03269780063837551	0.4756739223743207
bin67	0.5118683098585174	0.9334165974810709	0.0063330849593080055	0.28430775624096327	0.005713583403424302	0.9758208791716199
bin68	0.0006282362746775892	0.0022358391637443574	0.9995590907903928	0.007421863787757572	4.12205868991479e-05	0.002094048977394932
bin69	0.4101748539630489	0.9850282551038998	0.16427412123492016	0.9344501699919795	0.6809873375494183	0.9960579191183603
bin7	0.12724123812055083	0.9954790928877747	0.8845584041490974	0.9864787983708184	0.00421460947769932	0.04340720201708198
bin70	0.018524670508535915	0.001561829188075883	0.0011178379337604173	0.0016865379825610296	0.9442880053544437	0.8646060721655211
bin71	0.003717047595025029	0.9968012308171105	0.00032376714365849345	0.31502794060253314	5.7725924838336034e-05	0.0006676128698694516
bin72	0.7120565307810159	0.2764210986241414	0.10631306643763819	0.9991734909529373	0.005054222368907133	0.008948612983739853
bin73	0.9501173420457885	0.9887270061358804	0.33972012562501375	0.9995918651214888	0.019456085105403906	0.04148830919733648
bin74	0.9944590421457081	0.7115322419585131	0.04096456112007011	0.9916041689643763	0.07967376497485684	0.7208435550362318
bin75	0.018926813298478812	0.6083153403595098	0.9973394964140423	0.0388605717549403	0.0033606174607550034	0.009884148160535828
bin76	0.3663746296071876	0.31151633530321715	0.0021585554502099387	0.03949557667220325	0.9997989720485604	0.9993308573153026
bin77	0.38309171566234373	0.6019623998780494	0.8670573456853252	0.9572181389811343	0.015388533950289728	0.010193287704802573
bin78	0.9959817043704977	0.13050605171774385	0.0361628625692548	0.7855100412438331	0.13722666127237787	0.013573379184788105
bin79	0.9903911987466048	0.0884573193434168	0.564566346737699	0.9742011979220027	0.02986715159935331	0.2252828635183524
bin8	0.8104024399685995	0.9707197860955797	0.26682103880097746	0.9903427403149453	0.018837943224781283	0.4066614332600361
bin80	0.5872564424565984	0.9988431725528769	0.9983962164937612	0.9995932545205971	0.012732319201892165	0.2633078975640637
bin81	0.9970204847918379	0.16704334070020552	0.50065435485443	0.993117125492571	0.0862690443919998	0.09896988745874011
bin82	0.983628977199045	0.9818539697614634	0.7687446125210732	0.9941405207069898	0.07678587774904455	0.7673078720125714
bin83	0.09023670121144348	0.9991915489505936	0.00788682918408099	0.020422829917775366	0.9989418462432459	0.8910579456711647
bin84	0.8151540920808507	0.999464457821565	0.4030377458710048	0.5993393520158588	0.002988176472314046	0.1988000001751569
bin85	0.27676029145640046	0.9231730869636077	0.14513257466707916	0.9344929001499311	0.15314180279687023	0.5649841790012553
bin86	0.5080812152154353	0.2341252101832513	0.9949205883909632	0.9608515627862665	0.003266848248710401	0.005085111493817661
bin87	0.9835016263951135	0.006332547546930179	0.0592723366637885	0.24057912914765017	0.9997524430190644	0.9997555838804143
bin88	0.9989300370306449	0.019956396661608228	0.8294520162072786	0.9892283836628771	0.7887259079483091	0.9055490524143247
bin89	0.19100974891057043	0.957072225757962	0.99711042472345	0.9973644141084453	0.03667016348093263	0.06373965796096154
bin9	0.13528597338428583	0.6981745546010255	0.09054408834088415	0.9992732178443212	0.01585719243773371	0.016193060956404267
bin90	0.041004749265557194	0.6141979805776304	0.0018161707372781903	0.0009682634070270228	0.9876938988083518	0.6822471587105311
bin91	0.04281085216250922	0.013372312231906233	0.0002939810387694325	0.011513346629873501	0.9901357886396547	0.9973377776563482
bin92	0.12068138912294549	0.31010484550486894	0.9851803065371119	0.10905559051590814	0.0003813048625702614	0.006323527843254371
bin93	0.24057283039917127	0.17012427051757914	0.9828221290862663	0.9523159927169285	0.01356627019588275	0.01992957673734501
bin94	0.049593907972723575	0.11837333691829054	0.000647429771307105	0.007078977994700188	0.9732472568608712	0.9966655398051186
bin95	0.6922229655436457	0.010081709342551124	0.929603797570111	0.043128144828685606	0.9256029419178329	0.9993462707594459
bin96	0.028839504008260037	0.9988377019958505	0.2526604034559676	0.0050962859063148356	0.22562753864586074	0.4862097347632545
bin97	0.20679498353858877	0.4946338413686194	0.024756360545787975	0.017892294146145293	0.02289690801355626	0.9913816071610337
bin98	0.9215295795739458	0.035749067141715496	0.06496434613676545	0.10925964401579041	0.9996648262444691	0.999476378510574
bin99	0.16436183922988132	0.008353411854358813	0.0023029596673876255	0.02494592807593603	0.9739995293221118	0.9774702184169534
