bins	profileElos1	profileElos10	profileElos12	profileElos2	profileElos3	profileElos7
bin1	0.48039165956303087	1.5372315056238397	2.4847641834463987	4.327700161132857	5.2426182574199505	4.161368364468558
bin10	0.07959696262081963	0.32527028947439857	135.44539270984288	0.2796578215205555	0.002385769236647368	0.007496274445352563
bin100	3.523363548315261	4.713854627813196	0.0016450978711138279	0.03332000020172223	30.04862169304937	19.70074135573795
bin101	0.8889072559251839	0.21041183294663574	5.467044752658711	10.138294049872112	0.0018267502355819865	0.004268686204793994
bin102	0.0025210311959766286	3.21809774920165	1.007802563000798	23.778129269229286	0.0003579550240040428	0.002301904192249328
bin103	10.726944592820583	14.449411388612607	1.4216417284637046	12.168337571159135	0.044029849608430996	3.9953392386753994
bin104	2.331619235735898	3.9179168058716396	0.7838469691368175	3.992956839301779	0.024811300895345438	1.4357593050887751
bin105	1.0361911235992471	0.4124107933321927	0.026100995440197228	0.030412770662934005	4.112822220512568	8.220311159746966
bin106	0.0240033421731391	2.723488938133469	0.2457935844806917	15.712753296763179	0.003566679986921931	0.004678315835361645
bin107	8.459094862006621	0.016930758057216246	4.767073526170995	0.32969790030164947	55.153710430721326	64.07749571695659
bin108	2.2332064652725463	0.21520631531592646	0.13116134261160164	3.3862561187656426	74.39407064384946	12.372023093319433
bin109	0.7146928482906598	11.4134837323267	0.46891024011866	1.4573573862306002	0.004535894501054667	0.004932325964648193
bin11	1.4575092414688513	5.885641369255933	0.013384499385000878	0.14091753869374055	34.426771372180944	38.51203725903561
bin110	2.1645330561815745	2.006648666513647	10.312894059832482	23.16230663641268	0.020082747654092806	0.17098128139000277
bin111	0.004215028748601387	0.036576449261536616	81.50973382159243	0.007880042299414414	0.00016491683761437267	0.001842156164841397
bin112	20.686124635090774	2.019932262501863	0.13274221838945113	0.2739242282029484	0.018223850923052735	39.849621494948614
bin113	0.6455006011547032	0.9960867322286391	0.05460806347724308	0.028280462870263312	0.9316607165831112	17.617852094570498
bin114	0.07374859916873044	0.2565028772509051	3.6019057716779166	11.325095944920378	0.0022053918126326384	0.012577870358528443
bin114-removed	0.08604772499655167	0.23462611021487642	5.217323250193407	11.642306008503901	0.0031808668221917037	0.02054129909383677
bin115	0.8033735534797845	3.2677193189985747	0.35658649984423085	1.07547130726969	0.006775889499033904	5.047669718179145
bin116	0.0759520793024616	7.849374352942539	0.1469709185272216	0.016635449193804205	0.00048000483865467383	0.0041392374357446604
bin117	0.27732807454128183	9.795133508137903	0.09492101847938925	1.120248643511464	8.042151554864263	5.164492840415398
bin118	9.905845533181148	0.5346516739743852	0.32883655219404784	13.98772457279681	0.04638393046182984	0.09263620650496014
bin119	0.25396629053144826	0.42560971381093304	1.7961918142911824	10.200598744497006	0.009398934942966236	0.0081553014794237
bin12	118.89995375204546	0.01268084849929973	0.1684565367487819	8.322965319274655	45.409545944657054	23.683341696395935
bin12-removed	71.53048396191993	0.009984409725677514	0.2211828706007231	4.9124954390154905	26.43085547483995	15.455634059773775
bin120	0.07976361355935153	6.938614043879658	0.002129550559620098	0.47586951044464654	0.3321426466627087	0.29211864571026486
bin121	3.8854697477438975	5.294866671204685	0.28917153732800693	1.6056715108825867	2.7007315301272627	3.0333138767776244
bin122	0.5579090668385215	2.6970964534967954	0.7070600342710409	5.220758459102059	0.04610853828514905	0.026981700463108674
bin123	1.0394164129575614	10.092923692271265	0.02637568756811843	0.41899812083092003	1.1310128477594479	16.37364938349558
bin124	0.03519966755452306	5.133116876614664	1.331495954579136	2.04485410450003	0.001784641419502133	0.0019821560891594737
bin125	1.4076645226899986	1.5830832406715027	21.525067791316946	25.20299931883148	0.010015375922411255	0.04351751068448364
bin126	0.7494065658193168	3.6441542625685046	0.02333505743172035	0.43724339361384035	2.316956032586367	2.2141687845723634
bin127	0.030930569475977155	9.0608099633268	0.07973630278460854	0.2813405107091034	0.0010316135171864625	0.00490548625071488
bin127-removed	0.03759015283217784	5.1100231098450735	0.05483526380830698	0.12473032695892591	0.000603927975479826	0.010741539771973552
bin128	0.9879080018004839	0.4880382529044878	0.9165424715868118	7.869247345393058	0.027918457665931522	0.03990714941042648
bin129	1.8930298017510423	0.49515716303099405	0.14944522765168242	0.2783924273679304	30.556696182229192	12.660829758972548
bin13	0.6020110457820274	0.22137853568008425	136.83455798823226	2.5550282514667195	0.0006290490053063071	0.011289969826881466
bin130	1.9662422240887771	9.265027760350023	0.7249293519534269	5.763375492523347	0.03494630848484227	0.026857885462268655
bin131	13.335616036051176	0.15764843414125973	0.009482686184597487	11.520078511159532	0.004989341767463716	0.06077599111773166
bin132	2.8296325301854055	0.5129944233488886	0.4330592308125242	3.373982892841362	0.008831394019080601	0.0018321400473482467
bin133	2.74101031070304	2.4417873150789573	9.783647220423074	44.46054878544186	0.10825478879346019	0.13656537186185677
bin134	0.5033207781685335	0.6995850116307097	0.025913903707597278	25.580238828855776	0.053569509825844276	0.021018042846314908
bin135	1.711815542349927	43.8429570118038	3.5766607343730983	79.15967985834041	0.1962890568042059	0.5490442682340261
bin136	0.001556791104050834	6.826458346960706	0.2466558893613045	0.3899677615287577	0.00027472784189132364	0.000638041396065972
bin137	2.061560195551266	1.492300757796171	0.007359593159652877	0.5243837454854052	2.2142717536140633	3.061101175943298
bin138	0.027994563987574828	1.151032559502993	31.17429825553887	1.083777977206805	0.0007945732447388451	0.008774377198576454
bin139	0.4266173518266526	0.36782855033286754	0.011113382434601138	0.08006974658131914	24.700191147126844	24.486199421524418
bin14	0.2283358304745284	0.04323479210341078	0.000921667466671983	0.011117517969448487	3.841871153648561	9.437751407421493
bin140	29.56444927062733	0.3494470320290539	0.740825561372579	1.9484940888905022	2.087185905722131	2.0958301569438897
bin141	2.1456506089345626	0.08588652154386707	0.008682436002430455	17.974956575436558	0.06071100705360209	0.0219467413415053
bin142	0.692828596493116	0.03963050693297717	0.0016791878358724424	0.01564000253492396	13.27722342923397	4.882479570147045
bin143	0.3699041823109783	0.3818238240136541	0.016417650683095607	0.00820256556449438	4.6220161900410845	15.797472609883716
bin144	14.899273987223342	117.03993639925736	0.9061353571093289	73.28005631828444	374.75917621634824	460.92507453354443
bin145	0.22979190733331148	10.150228119929976	1.209311110572999	1.8969011869643313	0.0030186185176691457	0.009627045636805723
bin146	42.16529832401392	5.407383945288089	22.400143846356	32.10860274137959	0.23637778780902133	0.647754475394603
bin147	0.12985792873448176	0.017866115623440953	229.74072243362536	0.009887632289626028	0.045174412494313594	0.12182318866743909
bin148	7.944804822615387	0.007790257273556536	0.01445371417532157	1.5389939454212178	3.986013844084354	0.3814102744800012
bin149	0.008533673059920853	0.039211016537203	97.06456368405428	0.003861073140176366	0.0002976957533089087	0.0007377145448435833
bin15	6.481309364922205	12.263142167112953	3.6278253487600596	17.096300423950904	0.08466984608508352	0.18553256111919234
bin150	14.20458965508737	0.05796068308414299	0.01195520563341245	11.759547957641361	0.05319962277933648	0.3638864063155101
bin151	97.12694981087007	4.780683707290882	1.073880708746786	154.42935248381468	13.228546917646735	10.52511091377809
bin152	0.29152463099048204	0.017965304072413903	11.32864336979865	0.5569606317190249	0.0014777744568901787	0.100305788479492
bin153	26.712948110129958	8.531780668675768	0.19181592013769128	5.593788515575162	0.21698229460833737	3.9251274838174517
bin154	0.9947600594384839	4.584643957406942	42.83660845591759	12.296728258846988	0.3360854644951194	0.03179144983484559
bin155	0.5823389613683735	0.11227764482724395	2.404415305608552	14.142359694299547	0.024464123574151474	0.01231201590995144
bin156	2.9934130156170435	7.744929310563011	0.564639609619166	27.04173691357549	0.07964584021455753	1.2616385054877337
bin156-removed	3.2360352150823424	7.914380166962825	0.5618678776280951	27.830824840909436	0.08464883637339328	1.528343686243539
bin157	0.017748165193178404	2.1758903068340048	10.546676307590412	10.742258028310088	0.0021177187905036406	0.007843745913751022
bin158	89.71946970291495	149.7980226953784	10.44027007830161	34.90292633761854	4.640683815582787	305.1599895315116
bin159	0.036702533423048425	2.474663520211923	4.974024396592112	0.12161439605870554	0.0022987885249515275	0.03614406341237387
bin16	0.43870214724288226	44.366402826985805	3.883280989419526	15.676897826869437	0.0037938843222353183	0.04005799860805891
bin160	0.08104051225036318	0.08576108626484379	0.0004250454141986158	0.007140063295303497	35.12918111011529	2.0289881241584697
bin161	16.73563358327497	0.03931287991122113	0.03869259984837598	0.6904484711520248	9.618904138873402	1.9083524858043357
bin162	0.10017133122207685	4.22952382770862	2.300787675062897	1.1394517340277506	0.00404005871269121	0.005865207517479392
bin163	1.885577461749155	0.18283985271706274	0.01415957523861048	2.6291556359669546	0.014299999556554786	2.5167507734423618
bin164	3.688528819721871	0.2911717103401427	0.018496431393003866	0.8664774644416267	1.9962809533734083	6.161058394065334
bin165	0.2673194461623646	2.632186684647636	0.15710367840845157	7.385239681848514	0.05132447442306641	0.6979786531566411
bin166	0.13737922642761596	0.09213044201867186	0.028647273837220946	0.005150335517633581	1.2028737049060778	8.589786963394499
bin167	0.22088145169885234	1.7063049899525042	1.5464457156362668	4.967521104158763	0.0017985541987708866	0.006748029569843487
bin168	1.4397805719921104	0.17105170470555087	2.3476947731755424	12.72764665222598	0.01905356262327416	0.023488130459284304
bin169	1.8253472652858738	6.371424252759518	0.04566228450948778	0.08700468188019347	0.006351802472198106	4.340298534457811
bin17	0.049632338892596134	4.402823917259055	0.11076612924310603	2.514845415810413	0.0017750543919624186	0.02015428854830477
bin170	48.49605986447183	0.25479344724046704	0.06970898388588459	14.98932883060467	0.018617394516886474	0.8245304492066916
bin171	41.7335602472037	1.766802044394468	0.48985190746432916	2.8590130181826616	0.794519502585045	0.2950804279866425
bin172	6.912953770153927	1.4019261080160568	0.33746215017486697	3.05206404378341	0.011107601866120496	0.05679684968283095
bin173	12.394212203167635	17.060333276247995	14.112284035492126	71.9700356683061	0.3584596369262992	1.6060936502317427
bin174	0.3075430283431301	11.70957857190439	7.051729804632081	15.54561530131539	0.014128348139939078	0.020645566909397006
bin175	30.249068972546105	1.3259052756307004	0.48098115202436853	74.97191705463257	3.1839058212124858	2.2810163547515514
bin176	0.07856004330479471	0.18448153312849316	16.84831758487599	0.10711649112638358	0.006027403002354951	0.010951227541329085
bin177	0.5472065449136209	4.102767767080812	0.011659034425350245	0.011422519943715714	0.35554869477207157	6.430829782478555
bin178	0.7954351936732764	4.164944191044286	0.002209619003034071	0.009402918262735597	0.010222400187381159	3.920309265892684
bin179	3.5341349668799533	0.6282900265961627	0.0015043023773540095	0.01966911635778889	0.06343585081480224	2.6024039332428335
bin18	0.046682186724836254	0.007192463712119997	0.0006429105232016787	0.003093713594311728	7.273826698071777	8.734886225563827
bin180	0.7457172917477267	5.351185164687059	0.02075355583274512	0.02780156866448355	0.508460623708394	0.7854313707794253
bin181	19.260189507483215	0.7154875517480981	2.6341334675340558	1.0155992222751173	45.1474834644819	27.045616896558602
bin182	4.053902895206184	0.031066760039191198	0.7943125395247633	1.2974247815627686	1.5805977525854427	4.172742065243393
bin183	0.08183235112762444	15.23199593155738	11.307954656389315	54.14641929489784	0.004219048421642846	0.055198903956885856
bin184	27.204604919441824	0.40688568069974385	0.8753381168262101	8.638021711102871	2.3548757288998248	0.9666333465349872
bin185	77.0841473291104	2.215756238874181	0.3243310317697618	1.5303303220054867	130.1935214318669	15.186212795954212
bin186	0.4055937495282675	8.369049945169692	0.004529337565511743	11.15901353694214	0.005537205111626551	0.00706438402913674
bin187	8.03703260594358	1.7118988461741784	0.026333493780135945	2.6466836202363297	27.67610297902413	35.61184236518991
bin188	0.00255885363357216	0.8161885374793433	0.8592627642480973	8.224476364197779	0.000594969207984767	0.0015584705202907087
bin189	1.0612219127009275	1.630473996199801	0.07386055847693983	2.5560351322239145	43.17520117876729	7.866169754754288
bin19	1.060295771132814	0.09305012187200266	0.00353550549271855	0.10212530337563273	1.223012286332683	22.926382440692294
bin190	0.002110937972799674	0.003299691438710753	11.77365413552407	0.0018484859088972279	0.0009736456958890744	0.0022941398056413815
bin191	276.36208807088803	0.020536999907981385	12.87752322174024	2.5121639538455356	14.096680460818861	90.39101690939277
bin192	1.4477845373959684	0.7136050348305949	1.2056292110546678	8.957248083916067	0.02284606905009382	0.009256686780172396
bin193	12.671777606297326	0.010362381652061466	0.06184153268288214	1.953108097870706	0.24222105650750697	1.5665591537087347
bin194	0.4639584282326907	0.09047721933758758	0.0016828437099903162	0.09556955899265164	89.10775176942862	44.019881042652074
bin195	0.0037168761286993698	7.561159381564884	0.04612740942763425	1.167032994877087	0.0002939225297608079	0.001135149080455534
bin196	0.06366959771273949	2.7815299865580214	8.288058180102523	1.3314805943458725	0.00023615300015518626	0.0029835245173045173
bin197	11.197330370489771	1.1444073972699762	0.2049361769234889	0.7819302479218314	202.32113026969307	151.59311351699685
bin198	0.07349812822511836	1.3978896977603366	2.2502925632720925	6.2012759041606165	0.013357929981791273	0.11584112811203921
bin199	0.0427389122036546	19.66957989934022	3.5675431368531276	1.3368171600558085	0.0013710968603970826	0.015399012924202081
bin2	1.1073514033962004	0.13153719255019075	0.002282440547320067	0.013711535033145492	357.8170055174388	245.69079698696848
bin20	3.9369256004471853	0.5591207797642502	3.9148483265675162	34.79467763859234	0.10108845656895177	0.10181336119078382
bin200	0.07984540998064703	17.94836987855311	0.01110224662725434	0.02586979285155556	0.018054979883508217	0.7017348331624497
bin201	74.96799178850645	2.2368580935618545	27.74643152542309	8.771454415712705	112.39778554318809	75.58392747905437
bin202	0.006944748599805417	0.8731830442230686	0.07375153724903902	7.250371671016157	0.00022440514183044716	0.006098308152550222
bin203	0.018282773269260172	0.14914261354099814	2.014163295009636	5.40359583213056	0.0006361852055644252	0.0009080352713782985
bin204	7.826140365637415	3.1624926863239935	0.015073290311270691	1.4816712641391072	0.0051884313240624655	0.053738124173662576
bin205	3.7565101042222393	22.313189084556353	0.8328701147524052	0.9662444505016196	0.001957192338864259	0.15187848789095634
bin206	0.2949168306366614	0.00792430408546544	0.09021957547944429	0.14129685088036212	2.5871576411012813	8.435315703199878
bin207	19.538691954603323	13.036352087557717	34.08178215349202	58.281972980236	0.08121428784707801	2.301761957887822
bin208	0.6343652765358933	2.7886496525383757	0.04067265788954046	0.04267745865262432	2.4900514386216734	3.927632006224329
bin209	0.4583558616434252	5.47411986495029	4.7950020677597305	9.98222385524209	0.015339405221606869	0.020173738327428494
bin21	0.16755761185231124	0.02150450612388156	12.338782652253657	0.09466054775451997	0.0005290297628225825	0.0
bin210	0.018266029765568174	1.8821385609578694	0.003209799697868293	0.002951728864768086	3.272553572427684	2.6235180160017904
bin211	0.12940408089725688	2.1068746903292643	1.9027048331156253	7.714696410071618	0.0034221431467051032	0.004104544840322508
bin212	3.649815898159207	4.682665778895434	0.03926445939572271	0.4166726701914862	0.07122028395921956	8.97830091617541
bin213	0.3880358758361082	1.9280537970148783	1.8164012517940835	3.2377954768933206	0.04614386501441481	0.02235049473460753
bin214	0.925638395662493	3.514159478169647	1.1836844920619258	28.58815339153376	0.036338047187008254	0.04739837862822184
bin215	0.01346810046403623	0.008271125577846324	0.0006179086869495376	0.0027514528275644446	8.071823638745514	1.4590058267030008
bin216	6.304328136880962	0.670846889036485	0.2188545460685817	0.5377376448230091	0.3128476340671408	36.02012401485558
bin217	0.10958237091527691	35.25298086361066	0.5794301149662621	0.502602573604757	0.003988224471588186	0.03276060791435083
bin218	0.2451962013326739	65.03990488710667	0.5234161942383022	7.786884693575271	0.010465787456184627	0.02798812264871799
bin219	1.840999346526419	3.2758907402973576	6.402722671572819	35.1976782335691	0.03590481788249357	1.2413038958186693
bin22	0.06413195865793107	8.339340291549394	0.022327782031513466	0.031907966598866126	2.318656000984133	1.8731719836006118
bin220	0.07750019178016264	9.217645955339751	0.09038223481523228	7.213172724593184	0.0011642418607767755	0.008132010695017957
bin221	27.537199295642928	189.59543718404748	21.142714735619744	134.8361613240157	6.103792025521619	19.103017475593038
bin222	1.0759564395847014	7.82542539090356	7.728425870342093	41.1731130870604	0.05235936133952709	0.35881002550290686
bin223	0.9492754206103846	8.449574921141991	21.582084041045995	35.67824735388877	0.050080255940028476	0.04624982758854101
bin224	0.8588622788319872	1.4468500007622231	0.018899009020238368	0.13191320699559436	133.6825724403426	38.42801161090033
bin225	0.5040070972658854	21.35049817546214	2.738458400122602	2.6875119081642374	0.00014289797084881395	0.004069485691564049
bin226	8.34855643309149	1.0995551568919186	0.05049517299244233	0.2722520450058771	87.90149704634759	84.3564235168432
bin226-removed	12.64506040288802	4.34883615179794	0.7261533642210781	1.4118764557576002	82.6750925874465	91.030426281193
bin227	0.8521665429240556	0.08344263802306279	0.09018249070544376	0.18336183186497748	12.046294212957722	20.917445351890258
bin228	2.3906788024509975	3.2127410757031116	0.018165107005062152	0.29100231810131755	47.16810475324045	21.65193543017808
bin229	11.365118177428055	20.791174939011896	0.6524903402602978	7.389014713373946	0.33116330774754116	29.821136264960437
bin23	6.600781146196787	11.605951854420232	0.04188985779471695	6.918530460469916	0.011905574454376185	3.807566702522856
bin230	0.11594081232086682	0.06211849261282517	16.352851996946978	0.06639525630993298	0.00022515077257267236	0.003136972316639055
bin231	25.033884905388465	0.13328275783308455	0.552364676547923	23.53720879433627	8.336760775164711	6.26719408393539
bin232	0.3491540130913124	30.063756647760698	1.4942016479734612	10.168342818488222	0.010164389366741433	0.06316529701117819
bin233	0.7135318252691524	15.501376699377559	27.85081996902157	28.739751777458583	0.005623991669586837	0.15669473295252426
bin234	14.111544451834815	37.96975386313549	2.115410586794664	40.33282336020612	0.8667817215033066	2.994469344247421
bin235	8.53732860245239	6.972657977181599	0.03202170022276874	10.45686331567293	0.044609990203155044	0.07117884699560087
bin236	0.009757065531740446	26.582971581960603	0.06198691316822243	0.03652902942329299	0.007434460900050862	0.014783606080148804
bin237	7.209949852624224	2.4921325016948996	0.5004780486609366	1.3310336651698733	12.655807243940465	41.568973943711946
bin238	2.2478599232739853	27.55262523478542	0.08024275413186381	0.29724154686499904	0.005892500405705454	0.14102477914458217
bin239	6.493864338027261	0.04908697586460415	0.008658810152000441	4.598501231836626	0.007352377854628493	0.010081840187846684
bin24	0.7651677669373528	2.9607698000038947	0.00024050164553757474	0.007553504313450566	17.593063036747093	5.70516289848299
bin240	1.9190002539201076	0.09990392523608616	0.025221066072624223	0.08244912666464606	30.50696897372868	17.563797907252702
bin241	14.10514770649926	0.7545061286096149	0.19104591427297463	43.7527213041199	0.1623623069079092	7.332292503660836
bin242	0.6072021937914348	1.8131492053801535	0.0019899552623775718	0.05063342368324504	72.32188233949753	92.27631334269897
bin243	0.011970402778477026	2.4833637650408282	0.2862358623228815	9.344157054513046	0.0006176016073783215	0.00377555581262267
bin243-removed_1	0.32112590799031476	2.1660063100741067	0.5812788906009245	5.875339349915621	0.018884364223347275	0.6883392031697116
bin243-removed_2	0.19633892359969307	0.36084621286857393	0.22536446344404254	7.075128795352406	0.023084511673791518	0.026044064452482737
bin244	0.10646939182850089	7.158435639250148	10.75352262984641	12.021753808598264	0.003621528411225354	0.3117767220600135
bin245	1.0115252558955536	1.7336548973419459	0.03520464725084299	0.07273445752602777	12.407718151247842	12.145630363350929
bin246	0.06605807609635761	0.048116966798229306	13.63820219531239	0.0735082536523267	0.0007931685268749737	0.007583471643125832
bin247	2.778663036111983	16.53886016121926	6.702975132676475	15.141135904631922	3.7144515298045455	45.879340531568175
bin248	7.344164049267188	2.9340275186270737	0.06621431311474395	23.43282536717196	0.11965521703095153	0.19713719453668851
bin249	0.19669941300509225	9.302527515938653	0.029050591855600313	15.492906040161692	0.011767073845408767	0.001785199809814357
bin25	1.2510174026782286	4.420324187760888	0.2654461012782652	1.8833646969288524	0.0019393132484970467	0.017839832719785703
bin250	32.6470088326817	1.5663707757162142	0.6510181291504405	16.683840778540393	14.405211774490676	1.6661891473832307
bin251	17.147760358477466	1.2576303989252813	0.0747336464341669	0.6995006653970991	188.05813674367107	57.531457485182756
bin252	10.400528321217582	0.9923922603814395	0.06318456500890827	48.752813166845115	0.2703107531812573	4.177778290878981
bin252-removed	21.44922088158613	2.7535469593160733	0.4313951373309889	44.67478627296429	0.373734311526102	0.47723276541563087
bin253	3.078577663983234	1.069091561474663	8.051194670116328	11.506521433083556	0.029746053008317307	0.11601352510599901
bin254	2.271254992554182	0.4962141271895123	0.16013365866182222	0.18579012798217104	4.409298170002845	25.52113943716349
bin255	1.044126423562348	5.925408597617831	23.98318787471964	11.834922037695907	0.038110863175354476	0.5751882046218382
bin256	0.6926222848727033	0.02500292380411237	0.013467352234045086	0.11513552478920148	32.872405188536206	29.87399542748086
bin257	1.433700937306422	18.125987130615066	20.61902882713525	139.4294249230642	0.07337763441256995	0.09321847716492226
bin258	6.8927078786600635	8.087963078528114	0.4478793086112386	0.28580360261033294	20.042175404986303	60.74141625469526
bin259	0.27742376674644864	0.03283783301501122	0.0075309371103720055	0.012140275863815699	11.782236877703292	3.7248816221648897
bin26	1.3663086327686262	3.568566333013606	0.027355270591865793	0.31698891741996366	31.032397736775746	8.909574135026167
bin260	0.31266200091248125	55.759029938056415	0.6584317601793651	4.5611293355808975	0.007154996333575203	0.025675717677232597
bin261	0.20116382983598793	5.515731598245562	11.1194949681218	1.1833301144152608	0.0007694487211802263	0.009709857272808944
bin262	0.16575162046080524	19.34294006240266	2.8873073443100856	2.106275993470493	0.004215173892727552	0.0323652189287258
bin263	0.03185568550190561	0.04600633948621473	0.007944033786897295	0.023678501474431967	6.896657319500035	2.9098250188403165
bin264	22.916739405565487	39.80327962181851	1.4043312428266472	12.548431652973962	0.7971964630770678	18.606194529871726
bin265	2.6664408091215117	1.1379834022064725	0.18124697828355563	0.3868968718354461	8.721313248428064	9.179574452196205
bin266	0.5014691696198785	11.918195876978189	9.47742975154414	27.994807912400816	0.012635552973500084	0.013860806401661305
bin267	3.389634965676905	1.2199714236459334	10.154334281590103	12.75715383630329	0.03205883744234704	0.3388091153779697
bin268-removed_1	2.499163566959529	23.277600533943257	0.07903765314765014	4.2133009636739045	0.09555398564442033	0.2973704855839224
bin268-removed_2	0.46798172878298566	24.938186261674087	0.1667452212621105	2.2620872246952373	0.012260335748159787	0.05188094614646068
bin268_1	3.260534952309727	26.42018846596418	0.04604347941488274	5.194246721635255	0.10565710154928984	0.13103583679294037
bin269	0.002775522803217675	13.192358862423655	0.010250853285726665	0.39146102089057294	0.000194217617715061	0.0005054831448854806
bin269-removed	0.0046736825726978555	12.358205329377926	0.03288678429648527	0.3779260973943192	0.000447698864532929	0.0012124565970629486
bin27	4.048770255535979	1.6260712443010683	0.03175845609895675	1.808110449994756	0.7362963437442148	14.160154674478992
bin270	57.65858340103476	0.12900072689955958	0.6476734938213538	8.586651130970196	9.428739470646086	12.816857228374738
bin271	25.37116528674857	7.423512881576404	0.016189448752283026	2.5091338706119934	0.4158927112406928	0.6314094513934022
bin272	0.3544643914492109	0.07887651669605907	0.024210165824368916	0.039582446493555544	4.18252490886221	10.079597297392452
bin273	12.118470042858707	11.554245771044247	0.16856901865866264	1.1111143669763897	3.0945709147744203	53.77818939428433
bin274	34.36867284874494	0.018219590865312406	0.5881623599028261	1.4324947196060946	21.522589372833096	6.472715251542106
bin275	0.02133389762831111	0.2384843399893741	28.544974474727177	0.7335774899103398	0.000441989816290635	0.004054013919276118
bin276	0.009742379207950234	16.321654750660702	0.010754378288465996	0.15250316367716285	0.002918937646412997	0.014087744662814084
bin276-removed_1	0.10725432995369143	23.42187723127767	0.4015381790734205	0.6884881372529019	0.003080438197433648	0.06256757583794038
bin276-removed_2	0.009445469614987646	5.091999499577769	0.1080755637569199	0.084915397366528	0.0	0.0424107840990836
bin277	0.0066976467166225745	0.1083940468440517	87.62785503552779	2.0204766126016316	0.00020083937005692758	0.0011395902876850839
bin278	3.579812487799437	1.5108274073454362	0.023855433782314063	0.10594472796229677	16.639769764912575	32.58279081959898
bin279	4.000269757450945	28.958760093449165	10.198440177604065	1.8210624615131803	0.2001547276907496	1.8029666251723164
bin28	12.197556303094938	0.0003674127260683352	0.2507676780499056	0.6317085228131121	4.96670132206005	1.41228982159475
bin280	0.9433013065157146	3.2711428225465267	0.06912802049951638	14.153393161173868	0.07258562259143184	0.19608275694376015
bin281	10.468390847136039	6.947675896479808	3.750145389964434	14.662493322635452	0.10146950659615764	13.891035984386281
bin282	3.3007411996487606	56.8064840203026	0.05721058496626078	1.4410010592316567	0.00925876097459813	0.3721384010195925
bin283	3.751926909618673	4.489363370351669	0.1521891010497804	10.625361984493217	0.3368567689831891	0.743240942154984
bin284	48.07012350977837	14.784311518913798	13.20900200295558	62.95096182869147	0.3302621638550265	1.0271814419535448
bin285	0.3523757766509384	0.014673569772007306	0.05983745974527744	0.09835443140081276	9.529063032700332	32.77942128495832
bin286	0.07102045542787469	7.181426294386507	5.722187974687856	23.140090050201966	0.007321857949552814	0.015239395941610414
bin287	7.149875775524089	31.61360728052128	14.628881743611306	12.325621248244616	0.10210677280766065	1.1580151652642985
bin288	7.077022936617697	7.800516547560836	0.40699619594998576	1.4547793980002928	70.73735462527328	147.8993835578362
bin289	0.00816429444215088	0.014337804401614794	132.92830488234006	0.00650877081180229	0.0011002651608559403	0.001295880170567422
bin29	0.15550484043140575	0.22392485981767096	0.5582410031778752	13.1352167458068	0.002601195077361014	0.0026367774628532166
bin3	1.0235174858381244	0.3087857145747134	0.013368310281626472	0.02967842124099262	1.0290998450386815	4.590914624883632
bin30	3.057711020967328	0.46672363325099997	0.02067355563751439	0.39832313536338093	0.11129372786096545	22.426256362915687
bin31	0.009379604687190695	2.916192942567569	20.39945473312165	7.379781068118996	0.0009969685947322662	0.0020510906662316443
bin32	3.528328198519174	0.03045724240844799	0.030312658417644245	3.3839579599734395	0.07564063202838844	0.3184975581370442
bin33	0.013457563961483334	5.823832308042834	0.6999914357137201	15.440183631225064	0.004181957149482346	0.006907339270161218
bin34	2.0895804560841365	40.343889929170395	1.1701008236008787	38.67073942096331	0.02599737782750172	0.02366991423602426
bin35	4.7746697921687	3.760865634513161	0.12534674476560986	0.6031850006788508	0.07810902408279535	4.7421402911143895
bin36	0.7648224234216879	5.6119460345847125	1.2712192438439769	10.24644084917803	3.056201163685573	13.240451059939103
bin37	1.3638163863888269	0.8114537334214673	4.266839416003358	0.7525046559381119	0.0430492687475338	8.814103533988977
bin38	0.2481130306806608	6.265855184776604	0.03128436290572464	37.49704676894858	0.05612330749070878	0.022185785856863902
bin39	4.740127384726688	5.310893770824085	0.010397654996958133	2.1525074103471318	0.010704831262322552	0.2747837434248584
bin4	0.010188736912010833	4.590364736378778	0.002498717720493143	0.0014651719880250133	0.10623858446096708	1.5352836174669635
bin40	0.10031850601453095	3.546657491237818	2.7507321780671994	3.0764414434874263	0.00021839345790263881	0.004829544217208782
bin41	0.9304603001654812	4.297110103050846	0.0016492851807894387	0.016580916856645207	0.6897394637907103	6.680004406937168
bin42	1.5307860743750976	0.15493995334031407	0.11847776244232329	0.4316485449932888	7.656495040177915	1.50198163465245
bin43	22.110027190275453	2.2256584938492434	0.7356982719550165	35.20185850323392	0.2910503055218147	0.3548585231833836
bin44	0.0013577408394067783	0.008989199227949184	8.308944513407356	0.00384469719321548	0.00047797198258057663	0.0021881568091427295
bin45	1.46959707692077	4.7553833042591585	11.804833352493965	7.299631865962222	0.02961442145724097	0.09579732384298946
bin46	0.01027292757167055	1.7182200486506451	5.718422037978069	6.65261350755868	0.00014900852023077218	0.004013550860301329
bin47	1.0243500712250713	0.07912507805487258	0.008889108418218007	0.11056228778831519	5.683078923233033	49.27824305799477
bin48	1.842585222750324	0.07809199722419198	0.7285940155655662	5.7097339574996315	0.01987652202556803	0.0797578495711441
bin49	1.2877912392901634	0.6994462481286859	0.0032601643010679933	0.010877122181852453	2.659848458303076	8.473840268623427
bin5	4.904553806539254	2.0959201259088984	0.20188964723712588	8.133689754188726	0.01089512407145989	1.0460718096362884
bin50	2.2842695159907787	0.184572533476855	1.1432385270300212	0.530577448343648	3.288224769205756	0.9144806969440984
bin51	2.927460265510258	6.291359836630051	0.02130167529199992	0.2152105876817968	0.006511615221497194	0.016934461104179024
bin52	0.23018661754742523	0.003819272217020145	0.0011835904035122865	0.01008324106457557	144.9819065987538	4.050018415401114
bin53	1.326678565608636	0.08216749792452854	20.33486496924966	1.4472887991264414	0.013590328238858215	0.22924271916914418
bin54	11.409258982569918	4.9293381037567086	0.03578692467873002	0.972464400177141	0.003744055479054692	0.016563895271438974
bin55	2.3283461158058594	11.783351430128995	0.21973790985252067	3.0701166457767965	4.518630056774228	8.331852172538191
bin56	0.006062187817134681	10.994285521206505	0.07254934630204213	0.004141382583622855	0.020451748756678087	0.02231912431255063
bin57	7.432563488116017	2.1681872306585324	0.04976176848136752	0.3798933683127907	0.17104275432096058	2.566867435356279
bin58	1.3861343673383462	57.05575018334998	1.449626772582463	21.66752412256869	13.226811268795508	18.99696865928619
bin59	4.465288928527251	1.3161694699392523	0.17154357272522497	5.148412403894439	35.68807344866443	17.66539898697809
bin6	1.6313367464982107	2.009976691579741	0.28207548096642754	0.9394327997858278	0.0976119921699427	6.301293568202304
bin60	0.36888968940803635	4.919064268841375	0.0611606094276545	0.05652771303984841	0.1982148963902401	4.327571380412784
bin61	0.3200509218456498	1.56052904117963	2.846753732339823	10.38099540931846	0.007102647876624321	0.012234893334164226
bin62	53.619222703040926	15.297650129809735	1.38268243656465	41.007294124702206	0.0781709754597652	19.137928430114048
bin63	1.3724268619480013	3.3117131821393455	0.05928616211147284	0.3580596599080935	0.014990488390586004	4.874438287170718
bin64	265.635331814072	0.5059859248018527	0.07526053921439033	4.52473443770588	2.1493205623734317	135.9915300300856
bin65	51.40981491867639	7.535853852694806	0.13449649919490528	20.96458849709623	0.20903786658947407	0.17661426012700596
bin66	3.208449877176328	0.11567067876681399	0.0583326459308804	11.216358127823302	0.044661958775426315	0.8700912823853937
bin67	1.009319231845232	4.323803526790443	0.010190427127875804	0.47256379938018156	0.00895187670266732	5.430906903198411
bin68	0.0009128957203319142	0.004278740083049771	20.256474275871906	0.020298441365441653	4.12205868991479e-05	0.0026642311270679625
bin69	0.7597387541492475	6.786476706248655	0.2661258745064081	4.0300779041183725	1.6366257301847553	9.07742339122761
bin7	0.20938920056604723	16.85643102915718	3.668270467132626	9.262074261373023	0.006253816149585881	0.06670349325843504
bin70	0.02662759823088174	0.0031002536444136573	0.00399033209917039	0.0032941286610502296	3.9761205364643972	2.736728556462518
bin71	0.004343248388380023	8.287998403752686	0.0013076176887292642	0.5263261590048051	5.7725924838336034e-05	0.0008332611759272854
bin72	1.6928977416566184	0.440357269435386	0.14608019997487187	12.589195937494726	0.007755964648103108	0.012258868446763067
bin73	4.858188163513317	8.653694025909374	0.9301195173707015	23.891939427659466	0.02657060027463477	0.0679629546350631
bin74	10.847437171924323	1.9118294289657476	0.06630258525868982	10.608774319704064	0.12515202143800358	1.805557128762158
bin75	0.05047445470128593	1.3847214319171144	19.93171338698511	0.07781503529976991	0.008469039448015482	0.029153577914950338
bin76	0.6349470222437665	0.52460406285569	0.00651606203827135	0.0599077552591621	73.88677516473123	14.32639477992667
bin77	0.6989863828358511	1.2619975571305353	2.6696186923894776	4.3676445219713536	0.020563712389747666	0.013748376726747877
bin78	9.083059685557915	0.21373161165615903	0.053139588460717216	2.226939078250902	0.2011287549307171	0.018952833687333536
bin79	9.155360351130579	0.12919578803227444	1.1388264537360724	6.36973191685012	0.04182388247670499	0.3473586494516396
bin8	2.3144775984950403	5.065454431915539	0.4229084815575158	6.695733451531531	0.026377508643876103	0.7098457171753697
bin80	1.2459358960876137	21.318189410389177	13.67790500817615	27.35324092117283	0.018030320839184488	0.4212094311337115
bin81	10.46106901007065	0.27834586645718423	0.9438157287858101	9.88977237670069	0.12484529707266102	0.13990170654302095
bin82	12.383132709339314	10.257753201974202	2.514086827089579	24.926565324850678	0.11571279683578582	2.1935535238879864
bin83	0.13068738377071126	22.43112020179678	0.010921025353302357	0.030961208992688487	26.513853490789902	3.169424057622753
bin84	2.3117243013101296	20.972468402792526	0.7046364465572257	1.2817689706949393	0.004210114697107766	0.3035381253046088
bin85	0.4823782993215204	3.857060602541444	0.22110557340914141	4.229333728898965	0.23901988205247815	1.144406503541386
bin86	1.0125824956538378	0.36613291317039803	9.763449895977102	4.893154845512766	0.004270842239403303	0.007194475997378053
bin87	7.178471736816377	0.008568555295149596	0.11178296990712187	0.41130236101402995	90.67765682606253	110.67208322483086
bin88	104.0817160185037	0.0352010215843679	2.609408967300179	14.667820092411176	2.374978873485039	3.5923606521900484
bin89	0.29540846877811966	4.805630000720123	12.872379903243992	17.930531470355255	0.05199451408878794	0.0863100045867304
bin9	0.1955095312021854	1.5930299818631	0.13509704734253364	11.412582754271128	0.020681570521193304	0.02260255185436741
bin90	0.06203777359471359	1.464354172737798	0.004004731544417053	0.001366496806256744	8.670186938338308	1.7332025742909576
bin91	0.059866123876396816	0.02301685746291085	0.00045900385235376085	0.01737220294527472	9.387001448047867	8.571633561924537
bin92	0.2342603752253165	1.2641272118348497	16.80667283509498	0.17382328786117304	0.0004938297940420449	0.009209712341478504
bin93	0.39262792438574645	0.2732484147598355	5.835744686054039	4.654905986019488	0.01861918039937153	0.028765265558690304
bin94	0.07528016384304412	0.18635346290553656	0.003185961967579012	0.011305552539966554	5.065275095778544	8.146186942393376
bin95	1.7461846492166286	0.01362449127520802	4.337041159872088	0.06338148875321381	3.805970490896432	21.95967725014068
bin96	0.039711726717512635	11.460132423560582	0.39059471279818436	0.007827552282711396	0.3447856092263035	0.8807476890408423
bin97	0.327959758399102	0.9732267758939751	0.04004247316642573	0.028733352949454373	0.033664823530000706	7.567806051814371
bin98	3.7057398435631796	0.0862051778604994	0.0990781461671187	0.16899141540768833	50.78712406357157	20.829219031149037
bin99	0.4944146223930609	0.014540584761243038	0.0039010231640760704	0.047832080060067464	14.53861800006724	22.274424260083155
