Genomic bins	Elos1_final_pure_reads	Elos10_final_pure_reads	Elos3_final_pure_reads	Elos12_final_pure_reads	Elos2_final_pure_reads	Elos7_final_pure_reads
bin.126	0.087554	0.697359	0.354542	0.002123	0.067524	0.285715
bin.267	0.378993	0.169663	0.002214	1.739169	2.023587	0.046612
bin.89	0.032201	0.899783	0.007339	2.167024	2.874833	0.01139
bin.9	0.023765	0.301311	0.002668	0.02448	1.853302	0.002267
bin.270	6.096828	0.01984	1.278916	0.141466	1.298307	1.462762
bin.4	0.0	1.00777	0.012608	0.0	0.0	0.2221665
bin.145	0.025507	1.964813	0.0	0.246723	0.315647	0.0
bin.256	0.054261	0.004236	4.221572	0.002432	0.013204	3.557542
bin.198	0.010718	0.30067	0.0	0.431825	1.131309	0.016789
bin.6	0.188387	0.393713	0.01448	0.052819	0.159545	0.802499
bin.59	0.493032	0.256488	5.18309	0.034524	0.829161	2.113508
bin.119	0.028854	0.081531	0.000933	0.298591	1.63356	0.000818
bin.213	0.0467935	0.392714	0.0	0.322749	0.5711995	0.0
bin.214	0.080444	0.669812	0.004935	0.136986	4.502777	0.003653
bin.218	0.016637	11.600854	0.001481	0.039528	1.284969	0.002263
bin.130	0.221001	1.741851	0.005095	0.125475	0.937184	0.003442
bin.102	0.000369	0.60241	0.0	0.166771	3.834918	0.0
bin.208	0.078911	0.585254	0.398228	0.030993	0.016711	0.534221
bin.243	0.001537	0.478126	0.0	0.056725	1.507772	0.0
bin.140	3.353916	0.054985	0.27845	0.119011	0.309954	0.254065
bin.215	0.0	0.0	1.248266	0.0	0.0	0.187272
bin.85	0.057622	0.804929	0.037307	0.051878	0.756917	0.154719
bin.180	0.089526	1.113684	0.075244	0.0	0.0	0.104885
bin.101	0.10059	0.04	0.0	0.883406	1.650305	0.0
bin.128	0.11692	0.114488	0.0	0.173572	1.340077	0.004426
bin.194	0.053853	0.0182	13.611208	0.0	0.014622	5.561988
bin.175	2.579224	0.143253	0.295989	0.012467	14.419582	0.099285
bin.70	0.0	0.0	0.670167	0.0	0.0	0.386224
bin.223	0.105006	1.523144	0.006867	3.501769	5.663556	0.005019
bin.206	0.033189	0.003415	0.388768	0.016032	0.024469	1.060522
bin.36	0.08503	0.977313	0.441774	0.221263	1.667239	1.675602
bin.157	0.0	0.42488	0.0	1.885659	1.8535314999999999	0.0
bin.46	0.001355	0.321963	0.0	0.956939	1.07802	0.000479
bin.54	1.23552	0.901978	0.000454	0.006465	0.1569	0.002139
bin.248	0.731418	0.523264	0.017999	0.008532	3.828903	0.00797
bin.283	0.421908	0.825242	0.054908	0.008907	1.704451	0.096615
bin.43	2.487286	0.4065	0.042566	0.070806	5.633626	0.041961
bin.34	0.201984	7.994989	0.003099	0.191499	6.348204	0.001877
bin.13	0.063071	0.03779	0.0	25.698478	0.411676	0.0
bin.189	0.121671	0.390243	6.260861	0.027474	0.411852	0.954678
bin.278	0.395899	0.276422	2.420567	0.004821	0.014787	4.016796
bin.37	0.155408	0.165251	0.006745	0.713487	0.127273	1.087838
bin.25	0.158967	0.99127	0.0	0.0541765	0.365951	0.0
bin.121	0.41954	0.992768	0.385166	0.04219	0.253112	0.373793
bin.264	2.579133	7.719741	0.032987	0.199535	1.9757725	2.0038
bin.96	0.004264	2.191437	0.050129	0.067376	0.000894	0.108262
bin.81	1.165988	0.054532	0.018077	0.161312	1.600896	0.016486
bin.22	0.010372	1.576625	0.346177	0.012362	0.007358	0.248524
bin.251	1.853432	0.214885	27.559006	0.012955	0.102357	6.977005
bin.114	0.010497	0.054991	0.0	0.760504	1.877323	0.003866
bin.255	0.112622	1.139607	0.005821	3.969598	1.911894	0.075171
bin.261	0.017322	1.029869	0.0	1.862781	0.183615	0.0
bin.83	0.015547	4.317585	4.025565	0.0014	0.005105	0.399188
bin.138	0.003418	0.230452	0.0	5.220315	0.180524	0.001271
bin.141	0.245427	0.018698	0.00899	0.005147	2.933266	0.003238
bin.202	0.0	0.189063	0.0	0.018336	1.30725	0.0
bin.177	0.058909	0.82401	0.049497	0.0	0.001139	0.806222
bin.8	0.258637	0.944565	0.003842	0.084491	1.075812	0.088353
bin.148	0.867129	0.003902	0.608347	0.003158	0.249269	0.049268
bin.274	3.910918	0.0	1.830436	0.134249	0.228431	0.832218
bin.284	5.3839	2.66609	0.046385	2.209144	9.579169	0.118995
bin.220	0.008983	1.727132	0.0	0.015804	1.15864	0.000816
bin.12	13.684453	0.0	6.916349	0.027498	1.399497	2.986744
bin.207	2.212971	2.490215	0.008188	5.4057569999999995	9.532020500000002	0.282451
bin.1	0.053109	0.296008	0.766434	0.41692	0.687549	0.503882
bin.231	2.729024	0.022761	1.137534	0.133892	3.80214	0.729207
bin.222	0.112579	1.320186	0.006419	1.204242	6.357708	0.04187
bin.225	0.057732	3.955315	0.0	0.443826	0.421146	0.000332
bin.259	0.039661	0.01093	1.758657	0.008902	0.005336	0.462843
bin.26	0.154019	0.678271	4.589024	0.005062	0.051651	1.101046
bin.19	0.121222	0.021721	0.177725	0.003192	0.018193	2.833234
bin.205	0.427221	4.318761	0.0	0.0686525	0.159965	0.018377
bin.143	0.041799	0.069054	0.642795	0.003536	0.001224	1.96663
bin.53	0.1627	0.030645	0.003411	3.529139	0.261196	0.034519
bin.134	0.03696	0.14389	0.005507	0.000536	3.989842	0.001606
bin.84	0.263642	3.924097	0.000617	0.140067	0.207584	0.036843
bin.74	1.234392	0.357664	0.017078	0.012425	1.73375	0.223229
bin.108	0.248586	0.039517	10.942126	0.021704	0.535815	1.512172
bin.155	0.061784	0.02086	0.004072	0.389299	2.235615	0.000887
bin.24	0.086781	0.573641	2.628184	0.000451	0.001459	0.706284
bin.120	0.00839	1.38794	0.047292	0.0	0.07854	0.037613
bin.41	0.105698	0.795618	0.103763	0.002953	0.003536	0.822931
bin.10	0.008164	0.060523	0.0	22.143156	0.037356	0.000374
bin.229	1.259503	3.905565	0.00854	0.09231	1.169992	3.715349
bin.45	0.112826	0.885334	0.000674	1.809933	1.167645	0.0011
bin.279	0.439166	5.443399	0.015699	1.715394	0.297654	0.185052
bin.82	1.418991	2.012667	0.015383	0.387526	4.210542	0.275275
bin.90	0.005499	0.300692	1.35853	0.0	0.0	0.229982
bin.63	0.1583945	0.651138	0.0	0.0122005	0.060653	0.624703
bin.42	0.178342	0.023986	1.115124	0.011505	0.070012	0.185524
bin.80	0.143081	4.085645	0.001826	2.345631	4.499922	0.054943
bin.3	0.124734	0.060634	0.167279	0.0	0.0	0.625597
bin.241	1.58553	0.120363	0.022926000000000002	0.028138	6.972032	0.958021
bin.68	0.0	0.000446	0.0	3.338982	0.006066	0.0
bin.132	0.348877	0.104711	0.0	0.073941	0.585115	0.0
bin.173	1.43266	3.339366	0.051809	2.38626	11.890905499999999	0.201682
bin.186	0.045984	1.540418	0.000344	0.004686	1.754237	0.000858
bin.38	0.026781	1.179765	0.008958	0.007174	5.951003	0.003441
bin.33	0.001734	1.114263	0.000453	0.114274	2.386473	0.00081
bin.281	1.14794	1.203377	0.013399	0.612646	2.275605	1.709942
bin.235	0.947513	1.300772	0.0051565	0.001855	1.573122	0.002991
bin.232	0.012387	5.55515	0.0	0.252094	1.648156	0.000265
bin.260	0.030933	10.376927	0.0	0.101445	0.691473	0.0
bin.230	0.013914	0.017149	0.0	2.710333	0.012595	0.000356
bin.203	0.0	0.029745	0.0	0.369181	0.959971	0.0
bin.14	0.032132	0.009206	0.583404	0.001203	0.002206	1.158773
bin.191	30.751932	0.005611	2.086156	2.124399	0.400743	11.06882
bin.149	0.001853	0.015064	0.0	15.945469	0.004651	0.001298
bin.216	0.683234	0.06609	0.04562	0.077812	0.085701	4.369129
bin.27	0.451799	0.315101	0.082434	0.007749	0.291067	1.752401
bin.44	0.0	0.0	0.0	1.44918	0.0	0.0
bin.97	0.038409	0.206889	0.0	0.019476	0.0075195	0.995365
bin.275	0.001873	0.046303	0.0	4.698411	0.122273	0.0
bin.146	4.821378	1.037574	0.033413	3.808045	5.235066	0.076828
bin.184	3.01301	0.076294	0.335378	0.193057	1.376035	0.111711
bin.224	0.09431	0.246379	19.472648	0.002913	0.019475	4.708805
bin.137	0.245111	0.304553	0.349487	0.0	0.091502	0.392932
bin.156	0.337097	1.456908	0.012033	0.104994	4.311658	0.15934
bin.245	0.112344	0.340544	1.807429	0.016567	0.011791	1.509071
bin.172	0.781194	0.265949	0.0	0.060159	0.498167	0.00641
bin.124	0.0	1.0280615	0.0	0.237016	0.348182	0.0
bin.200	0.0085895	3.4426315	0.0	0.0	0.0039775	0.087181
bin.153	2.965966	1.518773	0.013715	0.021023	0.81913	0.467842
bin.48	0.211043	0.015025	0.0	0.125021	0.954812	0.009015
bin.62	6.123316	2.992554	0.009656	0.22481250000000003	6.671833	2.427143
bin.247	0.314146	3.143362	0.569772	1.1713835000000001	2.517605	5.863946
bin.93	0.0445	0.058297	0.001339	0.979842	0.769251	0.004275
bin.21	0.018865	0.001371	0.0	2.040607	0.00096	0.0
bin.29	0.017432	0.043935	0.000322	0.087696	2.081017	0.00017
bin.252	1.15984	0.184753	0.038749	0.010495	7.739629	0.50871
bin.193	1.404445	0.003474	0.035819	0.014187	0.312634	0.190159
bin.112	2.316268	0.421794	0.003029	0.044923	0.052622	4.875756
bin.78	1.011869	0.039988	0.029861	0.009028	0.352687	0.001582
bin.179	0.441769	0.129497	0.0	0.0	0.0	0.36169
bin.50	0.284801	0.038366	0.553571	0.218349	0.096316	0.126225
bin.122	0.067309	0.561086	0.004953	0.151746	0.907979	0.0
bin.110	0.233258	0.399173	0.002172	1.753794	3.609928	0.021087
bin.117	0.031035	1.835516	1.1728	0.017056	0.182798	0.634767
bin.210	0.0	0.370803	0.519208	0.0	0.0	0.344844
bin.61	0.038162	0.303584	0.001878	0.468435	1.692053	0.002252
bin.66	0.357767	0.023783	0.006322	0.009845	1.794793	0.10503
bin.73	0.5280665	1.529759	0.002138	0.065048	3.61534	0.002797
bin.268	0.343793	4.979632	0.014057	0.013902	0.80944	0.019311
bin.263	0.0	0.008599	1.078311	0.0	0.0	0.366812
bin.86	0.122949	0.071436	0.0	1.613783	0.776831	0.000352
bin.76	0.068187	0.094558	10.86714	0.000654	0.010692	1.74938
bin.169	0.210152	1.260379	0.0	0.012129	0.018628	0.556925
bin.285	0.038995	0.005163	1.409853	0.012262	0.015885	4.009169
bin.240	0.216208	0.032864	4.492533	0.025857	0.022061	2.146071
bin.139	0.049465	0.067543	3.655335	0.002212	0.011076	3.051887
bin.183	0.008834	3.060366	0.0	1.994749	9.338292	0.005774
bin.233	0.075765	2.827497	0.000688	4.587122	4.560056	0.01905
bin.238	0.2626695	5.274369	0.0	0.010479	0.036778	0.013167
bin.136	0.0	1.400158	0.0	0.041930499999999996	0.067167	0.0
bin.188	0.0	0.160174	0.0	0.147568	1.374869	0.0
bin.211	0.014509	0.404077	0.0	0.321873	1.250947	0.0
bin.129	0.21217	0.102211	4.485738	0.030921	0.047382	1.570949
bin.15	0.689081	2.236921	0.009806	0.607134	2.632093	0.00781
bin.246	0.009812	0.014576	0.0	2.352848	0.009928	0.000536
bin.147	0.004891	0.006412	0.001586	37.467246	0.003475	0.005892
bin.258	0.764802	1.5349754999999998	2.88623	0.102272	0.05584	7.529033
bin.17	0.0	0.901647	0.0	0.016536	0.445866	0.0
bin.49	0.145711	0.138588	0.399053	0.005315	0.004535	1.052429
bin.254	0.256523	0.114109	0.654002	0.062766	0.045788	3.20581
bin.244	0.009733	1.330475	0.0	1.783425	1.903676	0.040205
bin.201	8.402549	0.429179	17.051334	4.828442	1.427108	9.3803985
bin.196	0.006603	0.523206	0.0	1.372677	0.214041	0.0
bin.40	0.011765	0.695977	0.0	0.466806	0.516575	0.0
bin.195	0.0	1.501293	0.0	0.007222	0.200292	0.0
bin.118	1.130394	0.097112	0.006275	0.053747	2.26051	0.010256
bin.94	0.008367	0.042406	0.757226	0.001375	0.002654	0.993024
bin.221	2.944488	36.013765	0.370552	3.286263	20.487613	1.573491
bin.228	0.243965	0.444266	7.044485	0.001455	0.023549	2.671213
bin.103	1.211529	2.736457	0.006271	0.245643	1.979885	0.492797
bin.104	0.315664	0.850368	0.0	0.232605	0.742599	0.206549
bin.152	0.037254	0.016317	0.0	1.955452	0.105261	0.013901
bin.106	0.002066	0.51488	0.0	0.040819	2.553663	0.0
bin.265	0.309301	0.228284	1.270498	0.046162	0.06379699999999999	1.128647
bin.271	2.8376	1.368457	0.000588	0.002564	0.352179	0.06478
bin.18	0.005742	0.002277	1.068373	0.001045	0.001772	1.067365
bin.164	0.416188	0.06982	0.302352	0.01212	0.148479	0.777091
bin.204	0.877358	0.617435	0.0	0.001641	0.236296	0.006775
bin.192	0.161787	0.139663	0.00292	0.205064	1.448776	0.000719
bin.28	1.394639	0.0	0.732669	0.052772	0.101663	0.181201
bin.253	0.338925	0.191936	0.002545	1.307454	1.79565	0.011067
bin.116	0.004511	1.582908	0.0	0.021955	0.0	0.0
bin.35	0.559024	0.723411	0.008998	0.017695	0.099613	0.620947
bin.56	0.0	2.08361	0.0	0.013695	0.0	0.0
bin.277	0.0	0.017261	0.0	14.628597	0.313813	0.0
bin.30	0.337888	0.094245	0.015171	0.00892	0.066721	2.755962
bin.60	0.043024	0.970471	0.032076	0.011823	0.008288	0.582419
bin.219	0.208899	0.642233	0.003266	1.05697	5.630622	0.179229
bin.88	11.876169	0.030374	0.360093	0.489019	2.392202	0.456451
bin.266	0.05631	2.243717	0.001704	1.565659	4.606633	0.00099
bin.20	0.442213	0.119041	0.014922	0.719502	5.561335	0.013551
bin.16	0.050503	8.262765	0.00075	0.651259	2.50633	0.006546
bin.77	0.0729	0.239167	0.0	0.453212	0.702784	0.0
bin.127	0.0	1.720998	0.0	0.011093	0.041149	0.0
bin.150	1.61585	0.012396	0.007394	0.002744	1.865751	0.04347
bin.257	0.064045	3.260236	0.002627	3.189443	22.320291	0.00622
bin.185	8.614668	0.423465	19.538327	0.041149	0.238848	1.888276
bin.95	0.193451	0.005871	0.551749	0.750473	0.011076	2.620206
bin.174	0.035066	2.257362	0.0	1.264673	2.583476	0.0
bin.289	0.001693	0.014646	0.000679	21.868589	0.007688	0.001861
bin.39	0.536162	1.035252	0.001345	0.002134	0.344229	0.036433
bin.187	0.873275	0.297063	4.18031	0.007893	0.401928	4.342943
bin.236	0.001926	4.890486	0.0	0.005183	0.001599	0.000702
bin.176	0.005257	0.054705	0.0	2.888637	0.025548	0.002755
bin.171	4.649805	0.359294	0.118029	0.127234	0.461675	0.042809
bin.98	0.416342	0.032105	7.483328	0.048483	0.039063	2.531599
bin.227	0.073333	0.002785	1.643774	0.012608	0.025918	2.482198
bin.162	0.012194	0.885558	0.0	0.407721	0.208238	0.0
bin.282	0.375352	10.614553	0.000662	0.008809	0.215576	0.047027
bin.55	0.273014	2.3258285	0.69134	0.046334	0.516981	1.065658
bin.242	0.06611	0.326507	10.442512	0.002086	0.008505	10.984106
bin.249	0.022384	1.769396	0.001471	0.000944	2.502162	0.0
bin.217	0.0	6.280492	0.0	0.018539	0.029526	0.0
bin.181	2.056839	0.1362785	6.635017	0.172182	0.108018	3.27472
bin.71	0.0	1.665681	0.0	0.0	0.09146	0.0
bin.287	0.818498	6.162681	0.005826	2.518708	2.021012	0.134052
bin.178	0.095986	0.857439	0.0	0.0	0.0	0.539504
bin.161	1.919175	0.010493	1.429944	0.008637	0.113481	0.235769
bin.197	1.225661	0.158287	29.572369	0.034364	0.113989	18.498886
bin.105	0.117801	0.094326	0.612802	0.015763	0.012704	1.021077
bin.166	0.016309	0.025331	0.185444	0.014606	0.0	1.114565
bin.163	0.225243	0.035435	0.0	0.0	0.477628	0.328612
bin.168	0.157896	0.030537	0.002635	0.386621	2.066833	0.002983
bin.92	0.018444	0.173991	0.0	2.899424	0.028919	0.0
bin.99	0.029921	0.007472	2.24943	0.0	0.006255	2.753883
bin.107	0.901121	0.014058	8.11298	0.815689	0.060035	7.848591
bin.133	0.176743	0.454326	0.0045915	1.556182	7.246294499999999	0.008863
bin.64	28.989671	0.084168	0.306173	0.017431	0.700335	16.179772
bin.87	0.832727	0.0	13.700973	0.029192	0.066764	13.738855
bin.234	1.421795	6.484844	0.008377	0.213293	6.12738	0.08389
bin.160	0.008702	0.019413	5.098541	0.002073	0.001549	0.251684
bin.272	0.037647	0.017127	0.638264	0.005676	0.006391	1.262663
bin.237	0.812718	0.486681	1.863974	0.099321	0.210964	5.037284
bin.79	1.072459	0.024864	0.004954	0.196195	1.065352	0.042921
bin.67	0.110614	0.870715	0.0	0.002214	0.079008	0.682565
bin.113	0.071571	0.199188	0.1376	0.011835	0.005679	2.121414
bin.2	0.124467	0.026228	53.401346	0.001228	0.002711	30.645764
bin.5	0.569781	0.417734	0.001413	0.050781	1.33745	0.130479
bin.11	0.162063	1.099335	5.085808	0.003102	0.0221	4.715004
bin.31	0.001489	0.608124	0.0	3.42789	1.218416	0.000884
bin.7	0.020113	2.992944	0.0	0.663182	1.539457	0.005881
bin.58	0.157493	11.087618	2.050563	0.247381	3.581353	2.445776
bin.288	0.737048	1.492468	10.454014	0.083545	0.223741	18.434582
bin.72	0.188279	0.084469	0.001169	0.025912	2.018335	0.001296
bin.142	0.084799	0.012575	1.957753	0.002247	0.003466	0.599777
bin.262	0.000818	3.447799	0.0	0.516651	0.320718	0.0
bin.269	0.0	2.428241	0.0	0.000643	0.063293	0.0
bin.69	0.08545	1.284638	0.244455	0.046558	0.645715	1.108277
bin.239	0.757135	0.010852	0.0	0.0	0.777247	0.0
bin.182	0.449548	0.007414	0.237476	0.14996	0.227441	0.478068
bin.123	0.115153	1.889232	0.161917	0.005264	0.068405	2.018427
bin.131	1.487161	0.028768	0.000485	0.001602	1.840833	0.008671
bin.212	0.43873	0.942062	0.012491499999999999	0.015543	0.075763	1.165883
bin.190	0.000396	0.002307	0.0	1.940761	0.0	0.0
bin.159	0.0	0.519262	0.0	0.92271	0.020294	0.0
bin.170	5.162631	0.051521	0.00273	0.01099	2.399123	0.107298
bin.32	0.426853	0.0	0.008667	0.0	0.599378	0.041014
bin.52	0.025551	0.004567	21.262035	0.002978	0.002016	0.493756
bin.250	3.614654	0.295487	2.073137	0.167773	2.6303574999999997	0.185766
bin.209	0.0510085	1.064427	0.001539	0.819269	1.643561	0.002055
bin.65	5.867468	1.388249	0.031279	0.0	3.352248	0.020262
bin.226	0.92346	0.221346	12.944352	0.013293	0.044783	10.379087
bin.273	1.340714	2.106767	0.405042	0.039123	0.159043	6.68881
bin.154	0.111356	0.855823	0.049437	6.987332	1.802903	0.003457
bin.91	0.007564	0.001534	1.430195	0.000929	0.002779	1.033564
bin.286	0.007459	1.351629	0.001336	0.921421	3.675299	0.002111
bin.51	0.342796	1.25075	0.0	0.0	0.032156	0.0
bin.109	0.081499	2.131364	0.0	0.081929	0.241444	0.000771
bin.111	0.001384	0.0125885	0.0	13.359693	0.006256	0.00097
bin.276	0.003088	3.131172	0.000603	0.00355	0.024284	0.002578
bin.75	0.010639	0.304447	0.001335	3.339495	0.021761	0.006384
bin.158	10.223269	29.698599	0.690651	1.892758	5.862251	38.672287
bin.125	0.158715	0.303588	0.0	3.536804	4.107437	0.004615
bin.135	0.159332	8.264821	0.00449	0.496997	12.779752	0.021346
bin.100	0.410775	0.904876	4.556082	0.001593	0.007083	2.496499
bin.199	0.006136	3.825636	0.0	0.635756	0.229913	0.002072
bin.167	0.02587	0.337341	0.0	0.27226	0.8471975	0.0
bin.115	0.095355	0.653609	0.0	0.073292	0.182823	0.650991
bin.144	1.657593	21.896284	55.158532	0.154908	11.697175	56.91578
bin.23	0.742681	2.169483	0.001628	0.008492	1.112844	0.460891
bin.47	0.113547	0.017041	0.842076	0.003455	0.01777	6.115965
bin.165	0.031652	0.538708	0.006739	0.041739	1.28286	0.092302
bin.57	0.845208	0.429652	0.028577	0.016733	0.064879	0.323525
bin.280	0.092103	0.560458	0.010036	0.006539	2.233334	0.022386
bin.151	11.490815	0.977666	2.06465	0.18936	26.400019	1.367577
